57610.0, {'1863241632': 0, '2330725114': 0, '243351999': 0, '243641585': 0, '243749571': 0, '30503246': 0, '30624898': 0, '32564122': 0, '89127267': 0, '89173763': 0, '89173808': 0, 'cluster_1427494838_273472399': 0, 'cluster_1757124350_1757124352': 0, 'cluster_1863241547_1863241548_1976170214': 0, 'cluster_306484187_cluster_1200363791_1200363826_1200363834_1200363898_1200363927_1200363938_1200363947_1200364074_1200364103_1507566554_1507566556_255882157_306484190': 0, 'gneJ143': 0, 'gneJ207': 0, 'gneJ208': 0, 'gneJ210': 0, 'gneJ255': 0, 'gneJ257': 0}, {'1863241632': 0, '2330725114': 0, '243351999': 0, '243641585': 0, '243749571': 0, '30503246': 0, '30624898': 0, '32564122': 0, '89127267': 0, '89173763': 0, '89173808': 0, 'cluster_1427494838_273472399': 0, 'cluster_1757124350_1757124352': 0, 'cluster_1863241547_1863241548_1976170214': 0, 'cluster_306484187_cluster_1200363791_1200363826_1200363834_1200363898_1200363927_1200363938_1200363947_1200364074_1200364103_1507566554_1507566556_255882157_306484190': 0, 'gneJ143': 0, 'gneJ207': 0, 'gneJ208': 0, 'gneJ210': 0, 'gneJ255': 0, 'gneJ257': 0}, {'1863241632': 0, '2330725114': 0, '243351999': 0, '243641585': 0, '243749571': 0, '30503246': 0, '30624898': 0, '32564122': 0, '89127267': 0, '89173763': 0, '89173808': 0, 'cluster_1427494838_273472399': 0, 'cluster_1757124350_1757124352': 0, 'cluster_1863241547_1863241548_1976170214': 0, 'cluster_306484187_cluster_1200363791_1200363826_1200363834_1200363898_1200363927_1200363938_1200363947_1200364074_1200364103_1507566554_1507566556_255882157_306484190': 0, 'gneJ143': 0, 'gneJ207': 0, 'gneJ208': 0, 'gneJ210': 0, 'gneJ255': 0, 'gneJ257': 0}, 
57620.0, {'1863241632': 0, '2330725114': 0, '243351999': 0, '243641585': 0, '243749571': 0, '30503246': 0, '30624898': 0, '32564122': 0, '89127267': 0, '89173763': 0, '89173808': 0, 'cluster_1427494838_273472399': -1, 'cluster_1757124350_1757124352': 0, 'cluster_1863241547_1863241548_1976170214': 0, 'cluster_306484187_cluster_1200363791_1200363826_1200363834_1200363898_1200363927_1200363938_1200363947_1200364074_1200364103_1507566554_1507566556_255882157_306484190': 0, 'gneJ143': 0, 'gneJ207': 0, 'gneJ208': 0, 'gneJ210': 0, 'gneJ255': 0, 'gneJ257': 0}, {'1863241632': 0, '2330725114': 0, '243351999': 0, '243641585': 0, '243749571': 0, '30503246': 0, '30624898': 0, '32564122': 0, '89127267': 0, '89173763': 0, '89173808': 0, 'cluster_1427494838_273472399': 1, 'cluster_1757124350_1757124352': 0, 'cluster_1863241547_1863241548_1976170214': 0, 'cluster_306484187_cluster_1200363791_1200363826_1200363834_1200363898_1200363927_1200363938_1200363947_1200364074_1200364103_1507566554_1507566556_255882157_306484190': 0, 'gneJ143': 0, 'gneJ207': 0, 'gneJ208': 0, 'gneJ210': 0, 'gneJ255': 0, 'gneJ257': 0}, {'1863241632': 0, '2330725114': 0, '243351999': 0, '243641585': 0, '243749571': 0, '30503246': 0, '30624898': 0, '32564122': 0, '89127267': 0, '89173763': 0, '89173808': 0, 'cluster_1427494838_273472399': 1, 'cluster_1757124350_1757124352': 0, 'cluster_1863241547_1863241548_1976170214': 0, 'cluster_306484187_cluster_1200363791_1200363826_1200363834_1200363898_1200363927_1200363938_1200363947_1200364074_1200364103_1507566554_1507566556_255882157_306484190': 0, 'gneJ143': 0, 'gneJ207': 0, 'gneJ208': 0, 'gneJ210': 0, 'gneJ255': 0, 'gneJ257': 0}, 
57630.0, {'1863241632': 0, '2330725114': 0, '243351999': 0, '243641585': 0, '243749571': -1, '30503246': 0, '30624898': 0, '32564122': 1, '89127267': 0, '89173763': 0, '89173808': 0, 'cluster_1427494838_273472399': -2, 'cluster_1757124350_1757124352': 0, 'cluster_1863241547_1863241548_1976170214': 0, 'cluster_306484187_cluster_1200363791_1200363826_1200363834_1200363898_1200363927_1200363938_1200363947_1200364074_1200364103_1507566554_1507566556_255882157_306484190': -1, 'gneJ143': 0, 'gneJ207': 0, 'gneJ208': 0, 'gneJ210': 0, 'gneJ255': 0, 'gneJ257': 0}, {'1863241632': 0, '2330725114': 0, '243351999': 0, '243641585': 0, '243749571': 1, '30503246': 0, '30624898': 0, '32564122': 0, '89127267': 0, '89173763': 0, '89173808': 0, 'cluster_1427494838_273472399': 1, 'cluster_1757124350_1757124352': 0, 'cluster_1863241547_1863241548_1976170214': 0, 'cluster_306484187_cluster_1200363791_1200363826_1200363834_1200363898_1200363927_1200363938_1200363947_1200364074_1200364103_1507566554_1507566556_255882157_306484190': 1, 'gneJ143': 0, 'gneJ207': 0, 'gneJ208': 0, 'gneJ210': 0, 'gneJ255': 0, 'gneJ257': 0}, {'1863241632': 0, '2330725114': 0, '243351999': 0, '243641585': 0, '243749571': 1, '30503246': 0, '30624898': 0, '32564122': 0, '89127267': 0, '89173763': 0, '89173808': 0, 'cluster_1427494838_273472399': 2, 'cluster_1757124350_1757124352': 0, 'cluster_1863241547_1863241548_1976170214': 0, 'cluster_306484187_cluster_1200363791_1200363826_1200363834_1200363898_1200363927_1200363938_1200363947_1200364074_1200364103_1507566554_1507566556_255882157_306484190': 1, 'gneJ143': 0, 'gneJ207': 0, 'gneJ208': 0, 'gneJ210': 0, 'gneJ255': 0, 'gneJ257': 0}, 
57640.0, {'1863241632': 0, '2330725114': 0, '243351999': 0, '243641585': 0, '243749571': -1, '30503246': 0, '30624898': 0, '32564122': 0, '89127267': 0, '89173763': 0, '89173808': 0, 'cluster_1427494838_273472399': -2, 'cluster_1757124350_1757124352': 0, 'cluster_1863241547_1863241548_1976170214': 0, 'cluster_306484187_cluster_1200363791_1200363826_1200363834_1200363898_1200363927_1200363938_1200363947_1200364074_1200364103_1507566554_1507566556_255882157_306484190': 0, 'gneJ143': 0, 'gneJ207': 0, 'gneJ208': 0, 'gneJ210': 0, 'gneJ255': 0, 'gneJ257': 0}, {'1863241632': 0, '2330725114': 0, '243351999': 0, '243641585': 0, '243749571': 1, '30503246': 0, '30624898': 0, '32564122': 0, '89127267': 0, '89173763': 0, '89173808': 0, 'cluster_1427494838_273472399': 1, 'cluster_1757124350_1757124352': 0, 'cluster_1863241547_1863241548_1976170214': 0, 'cluster_306484187_cluster_1200363791_1200363826_1200363834_1200363898_1200363927_1200363938_1200363947_1200364074_1200364103_1507566554_1507566556_255882157_306484190': 0, 'gneJ143': 0, 'gneJ207': 0, 'gneJ208': 0, 'gneJ210': 0, 'gneJ255': 0, 'gneJ257': 0}, {'1863241632': 0, '2330725114': 0, '243351999': 0, '243641585': 0, '243749571': 1, '30503246': 0, '30624898': 0, '32564122': 0, '89127267': 0, '89173763': 0, '89173808': 0, 'cluster_1427494838_273472399': 2, 'cluster_1757124350_1757124352': 0, 'cluster_1863241547_1863241548_1976170214': 0, 'cluster_306484187_cluster_1200363791_1200363826_1200363834_1200363898_1200363927_1200363938_1200363947_1200364074_1200364103_1507566554_1507566556_255882157_306484190': 0, 'gneJ143': 0, 'gneJ207': 0, 'gneJ208': 0, 'gneJ210': 0, 'gneJ255': 0, 'gneJ257': 0}, 
57650.0, {'1863241632': 0, '2330725114': 0, '243351999': 0, '243641585': 0, '243749571': -1, '30503246': 0, '30624898': 0, '32564122': 0, '89127267': 0, '89173763': -1, '89173808': 0, 'cluster_1427494838_273472399': -3, 'cluster_1757124350_1757124352': 0, 'cluster_1863241547_1863241548_1976170214': 0, 'cluster_306484187_cluster_1200363791_1200363826_1200363834_1200363898_1200363927_1200363938_1200363947_1200364074_1200364103_1507566554_1507566556_255882157_306484190': 0, 'gneJ143': -1, 'gneJ207': 0, 'gneJ208': 0, 'gneJ210': 0, 'gneJ255': 0, 'gneJ257': 0}, {'1863241632': 0, '2330725114': 0, '243351999': 0, '243641585': 0, '243749571': 1, '30503246': 0, '30624898': 0, '32564122': 0, '89127267': 0, '89173763': 1, '89173808': 0, 'cluster_1427494838_273472399': 1, 'cluster_1757124350_1757124352': 0, 'cluster_1863241547_1863241548_1976170214': 0, 'cluster_306484187_cluster_1200363791_1200363826_1200363834_1200363898_1200363927_1200363938_1200363947_1200364074_1200364103_1507566554_1507566556_255882157_306484190': 0, 'gneJ143': 1, 'gneJ207': 0, 'gneJ208': 0, 'gneJ210': 0, 'gneJ255': 0, 'gneJ257': 0}, {'1863241632': 0, '2330725114': 0, '243351999': 0, '243641585': 0, '243749571': 1, '30503246': 0, '30624898': 0, '32564122': 0, '89127267': 0, '89173763': 1, '89173808': 0, 'cluster_1427494838_273472399': 3, 'cluster_1757124350_1757124352': 0, 'cluster_1863241547_1863241548_1976170214': 0, 'cluster_306484187_cluster_1200363791_1200363826_1200363834_1200363898_1200363927_1200363938_1200363947_1200364074_1200364103_1507566554_1507566556_255882157_306484190': 0, 'gneJ143': 1, 'gneJ207': 0, 'gneJ208': 0, 'gneJ210': 0, 'gneJ255': 0, 'gneJ257': 0}, 
57660.0, {'1863241632': 0, '2330725114': 4, '243351999': 1, '243641585': 0, '243749571': -1, '30503246': 0, '30624898': -1, '32564122': 0, '89127267': 0, '89173763': -1, '89173808': 0, 'cluster_1427494838_273472399': -3, 'cluster_1757124350_1757124352': 0, 'cluster_1863241547_1863241548_1976170214': 0, 'cluster_306484187_cluster_1200363791_1200363826_1200363834_1200363898_1200363927_1200363938_1200363947_1200364074_1200364103_1507566554_1507566556_255882157_306484190': -1, 'gneJ143': -1, 'gneJ207': 0, 'gneJ208': -4, 'gneJ210': 0, 'gneJ255': 0, 'gneJ257': 0}, {'1863241632': 0, '2330725114': 0, '243351999': 0, '243641585': 0, '243749571': 1, '30503246': 0, '30624898': 1, '32564122': 0, '89127267': 0, '89173763': 1, '89173808': 0, 'cluster_1427494838_273472399': 1, 'cluster_1757124350_1757124352': 0, 'cluster_1863241547_1863241548_1976170214': 0, 'cluster_306484187_cluster_1200363791_1200363826_1200363834_1200363898_1200363927_1200363938_1200363947_1200364074_1200364103_1507566554_1507566556_255882157_306484190': 1, 'gneJ143': 1, 'gneJ207': 0, 'gneJ208': 4, 'gneJ210': 0, 'gneJ255': 0, 'gneJ257': 0}, {'1863241632': 0, '2330725114': 0, '243351999': 0, '243641585': 0, '243749571': 1, '30503246': 0, '30624898': 1, '32564122': 0, '89127267': 0, '89173763': 1, '89173808': 0, 'cluster_1427494838_273472399': 3, 'cluster_1757124350_1757124352': 0, 'cluster_1863241547_1863241548_1976170214': 0, 'cluster_306484187_cluster_1200363791_1200363826_1200363834_1200363898_1200363927_1200363938_1200363947_1200364074_1200364103_1507566554_1507566556_255882157_306484190': 1, 'gneJ143': 1, 'gneJ207': 0, 'gneJ208': 4, 'gneJ210': 0, 'gneJ255': 0, 'gneJ257': 0}, 
57670.0, {'1863241632': 0, '2330725114': 4, '243351999': 1, '243641585': 0, '243749571': -1, '30503246': 0, '30624898': 0, '32564122': 0, '89127267': 0, '89173763': -1, '89173808': 0, 'cluster_1427494838_273472399': -3, 'cluster_1757124350_1757124352': 0, 'cluster_1863241547_1863241548_1976170214': 0, 'cluster_306484187_cluster_1200363791_1200363826_1200363834_1200363898_1200363927_1200363938_1200363947_1200364074_1200364103_1507566554_1507566556_255882157_306484190': -1, 'gneJ143': -1, 'gneJ207': 0, 'gneJ208': -5, 'gneJ210': 0, 'gneJ255': 0, 'gneJ257': 0}, {'1863241632': 0, '2330725114': 1, '243351999': 0, '243641585': 0, '243749571': 1, '30503246': 0, '30624898': 0, '32564122': 0, '89127267': 0, '89173763': 1, '89173808': 0, 'cluster_1427494838_273472399': 1, 'cluster_1757124350_1757124352': 0, 'cluster_1863241547_1863241548_1976170214': 0, 'cluster_306484187_cluster_1200363791_1200363826_1200363834_1200363898_1200363927_1200363938_1200363947_1200364074_1200364103_1507566554_1507566556_255882157_306484190': 1, 'gneJ143': 1, 'gneJ207': 0, 'gneJ208': 5, 'gneJ210': 0, 'gneJ255': 0, 'gneJ257': 0}, {'1863241632': 0, '2330725114': 1, '243351999': 0, '243641585': 0, '243749571': 1, '30503246': 0, '30624898': 0, '32564122': 0, '89127267': 0, '89173763': 1, '89173808': 0, 'cluster_1427494838_273472399': 3, 'cluster_1757124350_1757124352': 0, 'cluster_1863241547_1863241548_1976170214': 0, 'cluster_306484187_cluster_1200363791_1200363826_1200363834_1200363898_1200363927_1200363938_1200363947_1200364074_1200364103_1507566554_1507566556_255882157_306484190': 1, 'gneJ143': 1, 'gneJ207': 0, 'gneJ208': 5, 'gneJ210': 0, 'gneJ255': 0, 'gneJ257': 0}, 
57680.0, {'1863241632': 0, '2330725114': 5, '243351999': 1, '243641585': 0, '243749571': -3, '30503246': 0, '30624898': 0, '32564122': 0, '89127267': 0, '89173763': -2, '89173808': 0, 'cluster_1427494838_273472399': -3, 'cluster_1757124350_1757124352': 0, 'cluster_1863241547_1863241548_1976170214': 0, 'cluster_306484187_cluster_1200363791_1200363826_1200363834_1200363898_1200363927_1200363938_1200363947_1200364074_1200364103_1507566554_1507566556_255882157_306484190': -1, 'gneJ143': -1, 'gneJ207': 0, 'gneJ208': -5, 'gneJ210': 0, 'gneJ255': 0, 'gneJ257': 0}, {'1863241632': 0, '2330725114': 0, '243351999': 0, '243641585': 0, '243749571': 2, '30503246': 0, '30624898': 0, '32564122': 0, '89127267': 0, '89173763': 2, '89173808': 0, 'cluster_1427494838_273472399': 1, 'cluster_1757124350_1757124352': 0, 'cluster_1863241547_1863241548_1976170214': 0, 'cluster_306484187_cluster_1200363791_1200363826_1200363834_1200363898_1200363927_1200363938_1200363947_1200364074_1200364103_1507566554_1507566556_255882157_306484190': 1, 'gneJ143': 1, 'gneJ207': 0, 'gneJ208': 5, 'gneJ210': 0, 'gneJ255': 0, 'gneJ257': 0}, {'1863241632': 0, '2330725114': 0, '243351999': 0, '243641585': 0, '243749571': 3, '30503246': 0, '30624898': 0, '32564122': 0, '89127267': 0, '89173763': 2, '89173808': 0, 'cluster_1427494838_273472399': 3, 'cluster_1757124350_1757124352': 0, 'cluster_1863241547_1863241548_1976170214': 0, 'cluster_306484187_cluster_1200363791_1200363826_1200363834_1200363898_1200363927_1200363938_1200363947_1200364074_1200364103_1507566554_1507566556_255882157_306484190': 1, 'gneJ143': 1, 'gneJ207': 0, 'gneJ208': 5, 'gneJ210': 0, 'gneJ255': 0, 'gneJ257': 0}, 
57690.0, {'1863241632': 0, '2330725114': 5, '243351999': -1, '243641585': 0, '243749571': -2, '30503246': 0, '30624898': 0, '32564122': 0, '89127267': 0, '89173763': -4, '89173808': 0, 'cluster_1427494838_273472399': -3, 'cluster_1757124350_1757124352': 2, 'cluster_1863241547_1863241548_1976170214': -1, 'cluster_306484187_cluster_1200363791_1200363826_1200363834_1200363898_1200363927_1200363938_1200363947_1200364074_1200364103_1507566554_1507566556_255882157_306484190': 1, 'gneJ143': -4, 'gneJ207': 0, 'gneJ208': -5, 'gneJ210': 0, 'gneJ255': 0, 'gneJ257': 0}, {'1863241632': 0, '2330725114': 0, '243351999': 2, '243641585': 0, '243749571': 2, '30503246': 0, '30624898': 0, '32564122': 0, '89127267': 0, '89173763': 4, '89173808': 0, 'cluster_1427494838_273472399': 1, 'cluster_1757124350_1757124352': 0, 'cluster_1863241547_1863241548_1976170214': 1, 'cluster_306484187_cluster_1200363791_1200363826_1200363834_1200363898_1200363927_1200363938_1200363947_1200364074_1200364103_1507566554_1507566556_255882157_306484190': 1, 'gneJ143': 2, 'gneJ207': 0, 'gneJ208': 5, 'gneJ210': 0, 'gneJ255': 0, 'gneJ257': 0}, {'1863241632': 0, '2330725114': 0, '243351999': 2, '243641585': 0, '243749571': 2, '30503246': 0, '30624898': 0, '32564122': 0, '89127267': 0, '89173763': 4, '89173808': 0, 'cluster_1427494838_273472399': 3, 'cluster_1757124350_1757124352': 0, 'cluster_1863241547_1863241548_1976170214': 1, 'cluster_306484187_cluster_1200363791_1200363826_1200363834_1200363898_1200363927_1200363938_1200363947_1200364074_1200364103_1507566554_1507566556_255882157_306484190': 1, 'gneJ143': 4, 'gneJ207': 0, 'gneJ208': 5, 'gneJ210': 0, 'gneJ255': 0, 'gneJ257': 0}, 
57700.0, {'1863241632': 1, '2330725114': 5, '243351999': -1, '243641585': 0, '243749571': -4, '30503246': 0, '30624898': 0, '32564122': 0, '89127267': 0, '89173763': -5, '89173808': 0, 'cluster_1427494838_273472399': -5, 'cluster_1757124350_1757124352': 4, 'cluster_1863241547_1863241548_1976170214': -2, 'cluster_306484187_cluster_1200363791_1200363826_1200363834_1200363898_1200363927_1200363938_1200363947_1200364074_1200364103_1507566554_1507566556_255882157_306484190': 1, 'gneJ143': -6, 'gneJ207': 0, 'gneJ208': -4, 'gneJ210': 0, 'gneJ255': -1, 'gneJ257': 0}, {'1863241632': 0, '2330725114': 0, '243351999': 2, '243641585': 0, '243749571': 3, '30503246': 0, '30624898': 0, '32564122': 0, '89127267': 0, '89173763': 5, '89173808': 0, 'cluster_1427494838_273472399': 2, 'cluster_1757124350_1757124352': 0, 'cluster_1863241547_1863241548_1976170214': 1, 'cluster_306484187_cluster_1200363791_1200363826_1200363834_1200363898_1200363927_1200363938_1200363947_1200364074_1200364103_1507566554_1507566556_255882157_306484190': 1, 'gneJ143': 4, 'gneJ207': 0, 'gneJ208': 5, 'gneJ210': 0, 'gneJ255': 1, 'gneJ257': 0}, {'1863241632': 0, '2330725114': 0, '243351999': 2, '243641585': 0, '243749571': 4, '30503246': 0, '30624898': 0, '32564122': 0, '89127267': 0, '89173763': 5, '89173808': 0, 'cluster_1427494838_273472399': 5, 'cluster_1757124350_1757124352': 0, 'cluster_1863241547_1863241548_1976170214': 2, 'cluster_306484187_cluster_1200363791_1200363826_1200363834_1200363898_1200363927_1200363938_1200363947_1200364074_1200364103_1507566554_1507566556_255882157_306484190': 1, 'gneJ143': 6, 'gneJ207': 0, 'gneJ208': 5, 'gneJ210': 0, 'gneJ255': 1, 'gneJ257': 0}, 
57710.0, {'1863241632': 1, '2330725114': 5, '243351999': -5, '243641585': 0, '243749571': -6, '30503246': 0, '30624898': 1, '32564122': -1, '89127267': -1, '89173763': -8, '89173808': 0, 'cluster_1427494838_273472399': -6, 'cluster_1757124350_1757124352': 4, 'cluster_1863241547_1863241548_1976170214': -1, 'cluster_306484187_cluster_1200363791_1200363826_1200363834_1200363898_1200363927_1200363938_1200363947_1200364074_1200364103_1507566554_1507566556_255882157_306484190': 5, 'gneJ143': -6, 'gneJ207': 0, 'gneJ208': -4, 'gneJ210': 0, 'gneJ255': -1, 'gneJ257': 1}, {'1863241632': 0, '2330725114': 0, '243351999': 6, '243641585': 0, '243749571': 3, '30503246': 0, '30624898': 0, '32564122': 1, '89127267': 1, '89173763': 8, '89173808': 0, 'cluster_1427494838_273472399': 2, 'cluster_1757124350_1757124352': 0, 'cluster_1863241547_1863241548_1976170214': 1, 'cluster_306484187_cluster_1200363791_1200363826_1200363834_1200363898_1200363927_1200363938_1200363947_1200364074_1200364103_1507566554_1507566556_255882157_306484190': 1, 'gneJ143': 4, 'gneJ207': 0, 'gneJ208': 5, 'gneJ210': 0, 'gneJ255': 1, 'gneJ257': 0}, {'1863241632': 0, '2330725114': 0, '243351999': 6, '243641585': 0, '243749571': 6, '30503246': 0, '30624898': 0, '32564122': 1, '89127267': 1, '89173763': 9, '89173808': 0, 'cluster_1427494838_273472399': 6, 'cluster_1757124350_1757124352': 0, 'cluster_1863241547_1863241548_1976170214': 2, 'cluster_306484187_cluster_1200363791_1200363826_1200363834_1200363898_1200363927_1200363938_1200363947_1200364074_1200364103_1507566554_1507566556_255882157_306484190': 1, 'gneJ143': 6, 'gneJ207': 0, 'gneJ208': 5, 'gneJ210': 0, 'gneJ255': 1, 'gneJ257': 0}, 
57720.0, {'1863241632': 1, '2330725114': 5, '243351999': -5, '243641585': 0, '243749571': -7, '30503246': 0, '30624898': 1, '32564122': -1, '89127267': -2, '89173763': -10, '89173808': -1, 'cluster_1427494838_273472399': -6, 'cluster_1757124350_1757124352': 4, 'cluster_1863241547_1863241548_1976170214': -1, 'cluster_306484187_cluster_1200363791_1200363826_1200363834_1200363898_1200363927_1200363938_1200363947_1200364074_1200364103_1507566554_1507566556_255882157_306484190': 5, 'gneJ143': -6, 'gneJ207': 0, 'gneJ208': -4, 'gneJ210': 0, 'gneJ255': -1, 'gneJ257': 1}, {'1863241632': 0, '2330725114': 0, '243351999': 6, '243641585': 0, '243749571': 3, '30503246': 0, '30624898': 0, '32564122': 1, '89127267': 1, '89173763': 10, '89173808': 1, 'cluster_1427494838_273472399': 2, 'cluster_1757124350_1757124352': 0, 'cluster_1863241547_1863241548_1976170214': 1, 'cluster_306484187_cluster_1200363791_1200363826_1200363834_1200363898_1200363927_1200363938_1200363947_1200364074_1200364103_1507566554_1507566556_255882157_306484190': 1, 'gneJ143': 4, 'gneJ207': 0, 'gneJ208': 5, 'gneJ210': 0, 'gneJ255': 1, 'gneJ257': 0}, {'1863241632': 0, '2330725114': 0, '243351999': 6, '243641585': 0, '243749571': 7, '30503246': 0, '30624898': 0, '32564122': 1, '89127267': 2, '89173763': 11, '89173808': 1, 'cluster_1427494838_273472399': 6, 'cluster_1757124350_1757124352': 0, 'cluster_1863241547_1863241548_1976170214': 2, 'cluster_306484187_cluster_1200363791_1200363826_1200363834_1200363898_1200363927_1200363938_1200363947_1200364074_1200364103_1507566554_1507566556_255882157_306484190': 1, 'gneJ143': 6, 'gneJ207': 0, 'gneJ208': 5, 'gneJ210': 0, 'gneJ255': 1, 'gneJ257': 0}, 
57730.0, {'1863241632': 1, '2330725114': 5, '243351999': -5, '243641585': 0, '243749571': -7, '30503246': 0, '30624898': 1, '32564122': -1, '89127267': -2, '89173763': -11, '89173808': -1, 'cluster_1427494838_273472399': -6, 'cluster_1757124350_1757124352': 4, 'cluster_1863241547_1863241548_1976170214': -3, 'cluster_306484187_cluster_1200363791_1200363826_1200363834_1200363898_1200363927_1200363938_1200363947_1200364074_1200364103_1507566554_1507566556_255882157_306484190': 5, 'gneJ143': -6, 'gneJ207': 0, 'gneJ208': -4, 'gneJ210': -1, 'gneJ255': -1, 'gneJ257': 1}, {'1863241632': 0, '2330725114': 0, '243351999': 6, '243641585': 0, '243749571': 3, '30503246': 0, '30624898': 0, '32564122': 1, '89127267': 1, '89173763': 11, '89173808': 1, 'cluster_1427494838_273472399': 2, 'cluster_1757124350_1757124352': 0, 'cluster_1863241547_1863241548_1976170214': 1, 'cluster_306484187_cluster_1200363791_1200363826_1200363834_1200363898_1200363927_1200363938_1200363947_1200364074_1200364103_1507566554_1507566556_255882157_306484190': 1, 'gneJ143': 4, 'gneJ207': 0, 'gneJ208': 5, 'gneJ210': 1, 'gneJ255': 1, 'gneJ257': 0}, {'1863241632': 0, '2330725114': 0, '243351999': 6, '243641585': 0, '243749571': 7, '30503246': 0, '30624898': 0, '32564122': 1, '89127267': 2, '89173763': 12, '89173808': 1, 'cluster_1427494838_273472399': 6, 'cluster_1757124350_1757124352': 0, 'cluster_1863241547_1863241548_1976170214': 4, 'cluster_306484187_cluster_1200363791_1200363826_1200363834_1200363898_1200363927_1200363938_1200363947_1200364074_1200364103_1507566554_1507566556_255882157_306484190': 1, 'gneJ143': 6, 'gneJ207': 0, 'gneJ208': 5, 'gneJ210': 1, 'gneJ255': 1, 'gneJ257': 0}, 
57740.0, {'1863241632': 1, '2330725114': 5, '243351999': -4, '243641585': 0, '243749571': -8, '30503246': 0, '30624898': 1, '32564122': -1, '89127267': -2, '89173763': -12, '89173808': -1, 'cluster_1427494838_273472399': -6, 'cluster_1757124350_1757124352': 4, 'cluster_1863241547_1863241548_1976170214': -6, 'cluster_306484187_cluster_1200363791_1200363826_1200363834_1200363898_1200363927_1200363938_1200363947_1200364074_1200364103_1507566554_1507566556_255882157_306484190': 5, 'gneJ143': -8, 'gneJ207': 0, 'gneJ208': -4, 'gneJ210': -2, 'gneJ255': -1, 'gneJ257': 1}, {'1863241632': 0, '2330725114': 0, '243351999': 6, '243641585': 0, '243749571': 4, '30503246': 0, '30624898': 0, '32564122': 1, '89127267': 1, '89173763': 11, '89173808': 1, 'cluster_1427494838_273472399': 2, 'cluster_1757124350_1757124352': 0, 'cluster_1863241547_1863241548_1976170214': 3, 'cluster_306484187_cluster_1200363791_1200363826_1200363834_1200363898_1200363927_1200363938_1200363947_1200364074_1200364103_1507566554_1507566556_255882157_306484190': 1, 'gneJ143': 4, 'gneJ207': 0, 'gneJ208': 5, 'gneJ210': 1, 'gneJ255': 1, 'gneJ257': 0}, {'1863241632': 0, '2330725114': 0, '243351999': 6, '243641585': 0, '243749571': 8, '30503246': 0, '30624898': 0, '32564122': 1, '89127267': 2, '89173763': 13, '89173808': 1, 'cluster_1427494838_273472399': 6, 'cluster_1757124350_1757124352': 0, 'cluster_1863241547_1863241548_1976170214': 7, 'cluster_306484187_cluster_1200363791_1200363826_1200363834_1200363898_1200363927_1200363938_1200363947_1200364074_1200364103_1507566554_1507566556_255882157_306484190': 1, 'gneJ143': 8, 'gneJ207': 0, 'gneJ208': 5, 'gneJ210': 2, 'gneJ255': 1, 'gneJ257': 0}, 
57750.0, {'1863241632': 1, '2330725114': 5, '243351999': -4, '243641585': -1, '243749571': -8, '30503246': 0, '30624898': 0, '32564122': 0, '89127267': -2, '89173763': -13, '89173808': -1, 'cluster_1427494838_273472399': -6, 'cluster_1757124350_1757124352': 1, 'cluster_1863241547_1863241548_1976170214': -8, 'cluster_306484187_cluster_1200363791_1200363826_1200363834_1200363898_1200363927_1200363938_1200363947_1200364074_1200364103_1507566554_1507566556_255882157_306484190': 5, 'gneJ143': -6, 'gneJ207': 0, 'gneJ208': -4, 'gneJ210': -2, 'gneJ255': -1, 'gneJ257': 0}, {'1863241632': 0, '2330725114': 0, '243351999': 6, '243641585': 1, '243749571': 4, '30503246': 0, '30624898': 1, '32564122': 1, '89127267': 1, '89173763': 12, '89173808': 1, 'cluster_1427494838_273472399': 2, 'cluster_1757124350_1757124352': 0, 'cluster_1863241547_1863241548_1976170214': 4, 'cluster_306484187_cluster_1200363791_1200363826_1200363834_1200363898_1200363927_1200363938_1200363947_1200364074_1200364103_1507566554_1507566556_255882157_306484190': 1, 'gneJ143': 5, 'gneJ207': 0, 'gneJ208': 5, 'gneJ210': 1, 'gneJ255': 1, 'gneJ257': 1}, {'1863241632': 0, '2330725114': 0, '243351999': 6, '243641585': 1, '243749571': 8, '30503246': 0, '30624898': 1, '32564122': 1, '89127267': 2, '89173763': 14, '89173808': 1, 'cluster_1427494838_273472399': 6, 'cluster_1757124350_1757124352': 0, 'cluster_1863241547_1863241548_1976170214': 9, 'cluster_306484187_cluster_1200363791_1200363826_1200363834_1200363898_1200363927_1200363938_1200363947_1200364074_1200364103_1507566554_1507566556_255882157_306484190': 1, 'gneJ143': 6, 'gneJ207': 0, 'gneJ208': 5, 'gneJ210': 2, 'gneJ255': 1, 'gneJ257': 1}, 
57760.0, {'1863241632': 1, '2330725114': 5, '243351999': -4, '243641585': -2, '243749571': -10, '30503246': 0, '30624898': -2, '32564122': 0, '89127267': -4, '89173763': -14, '89173808': -1, 'cluster_1427494838_273472399': -6, 'cluster_1757124350_1757124352': 1, 'cluster_1863241547_1863241548_1976170214': -8, 'cluster_306484187_cluster_1200363791_1200363826_1200363834_1200363898_1200363927_1200363938_1200363947_1200364074_1200364103_1507566554_1507566556_255882157_306484190': 5, 'gneJ143': -6, 'gneJ207': 0, 'gneJ208': -4, 'gneJ210': -3, 'gneJ255': -1, 'gneJ257': 0}, {'1863241632': 0, '2330725114': 0, '243351999': 6, '243641585': 1, '243749571': 6, '30503246': 0, '30624898': 3, '32564122': 1, '89127267': 3, '89173763': 13, '89173808': 1, 'cluster_1427494838_273472399': 2, 'cluster_1757124350_1757124352': 0, 'cluster_1863241547_1863241548_1976170214': 4, 'cluster_306484187_cluster_1200363791_1200363826_1200363834_1200363898_1200363927_1200363938_1200363947_1200364074_1200364103_1507566554_1507566556_255882157_306484190': 1, 'gneJ143': 5, 'gneJ207': 0, 'gneJ208': 5, 'gneJ210': 2, 'gneJ255': 1, 'gneJ257': 1}, {'1863241632': 0, '2330725114': 0, '243351999': 6, '243641585': 2, '243749571': 10, '30503246': 0, '30624898': 3, '32564122': 1, '89127267': 4, '89173763': 15, '89173808': 1, 'cluster_1427494838_273472399': 6, 'cluster_1757124350_1757124352': 0, 'cluster_1863241547_1863241548_1976170214': 9, 'cluster_306484187_cluster_1200363791_1200363826_1200363834_1200363898_1200363927_1200363938_1200363947_1200364074_1200364103_1507566554_1507566556_255882157_306484190': 1, 'gneJ143': 6, 'gneJ207': 0, 'gneJ208': 5, 'gneJ210': 3, 'gneJ255': 1, 'gneJ257': 1}, 
57770.0, {'1863241632': 0, '2330725114': 5, '243351999': -4, '243641585': -2, '243749571': -10, '30503246': 0, '30624898': -2, '32564122': 0, '89127267': -4, '89173763': -14, '89173808': -2, 'cluster_1427494838_273472399': -6, 'cluster_1757124350_1757124352': 0, 'cluster_1863241547_1863241548_1976170214': -7, 'cluster_306484187_cluster_1200363791_1200363826_1200363834_1200363898_1200363927_1200363938_1200363947_1200364074_1200364103_1507566554_1507566556_255882157_306484190': 5, 'gneJ143': -5, 'gneJ207': 0, 'gneJ208': -4, 'gneJ210': -3, 'gneJ255': -1, 'gneJ257': 0}, {'1863241632': 0, '2330725114': 0, '243351999': 6, '243641585': 1, '243749571': 6, '30503246': 0, '30624898': 3, '32564122': 1, '89127267': 3, '89173763': 13, '89173808': 2, 'cluster_1427494838_273472399': 2, 'cluster_1757124350_1757124352': 0, 'cluster_1863241547_1863241548_1976170214': 4, 'cluster_306484187_cluster_1200363791_1200363826_1200363834_1200363898_1200363927_1200363938_1200363947_1200364074_1200364103_1507566554_1507566556_255882157_306484190': 1, 'gneJ143': 5, 'gneJ207': 0, 'gneJ208': 5, 'gneJ210': 2, 'gneJ255': 1, 'gneJ257': 1}, {'1863241632': 0, '2330725114': 0, '243351999': 6, '243641585': 2, '243749571': 10, '30503246': 0, '30624898': 3, '32564122': 1, '89127267': 4, '89173763': 15, '89173808': 2, 'cluster_1427494838_273472399': 6, 'cluster_1757124350_1757124352': 0, 'cluster_1863241547_1863241548_1976170214': 8, 'cluster_306484187_cluster_1200363791_1200363826_1200363834_1200363898_1200363927_1200363938_1200363947_1200364074_1200364103_1507566554_1507566556_255882157_306484190': 1, 'gneJ143': 5, 'gneJ207': 0, 'gneJ208': 5, 'gneJ210': 3, 'gneJ255': 1, 'gneJ257': 1}, 
57780.0, {'1863241632': 1, '2330725114': 5, '243351999': -5, '243641585': -2, '243749571': -10, '30503246': 0, '30624898': -2, '32564122': 0, '89127267': -6, '89173763': -10, '89173808': -2, 'cluster_1427494838_273472399': -6, 'cluster_1757124350_1757124352': 0, 'cluster_1863241547_1863241548_1976170214': -8, 'cluster_306484187_cluster_1200363791_1200363826_1200363834_1200363898_1200363927_1200363938_1200363947_1200364074_1200364103_1507566554_1507566556_255882157_306484190': 5, 'gneJ143': -5, 'gneJ207': 0, 'gneJ208': -4, 'gneJ210': -4, 'gneJ255': -1, 'gneJ257': 0}, {'1863241632': 0, '2330725114': 0, '243351999': 6, '243641585': 1, '243749571': 6, '30503246': 0, '30624898': 3, '32564122': 1, '89127267': 4, '89173763': 10, '89173808': 2, 'cluster_1427494838_273472399': 2, 'cluster_1757124350_1757124352': 0, 'cluster_1863241547_1863241548_1976170214': 4, 'cluster_306484187_cluster_1200363791_1200363826_1200363834_1200363898_1200363927_1200363938_1200363947_1200364074_1200364103_1507566554_1507566556_255882157_306484190': 1, 'gneJ143': 5, 'gneJ207': 0, 'gneJ208': 5, 'gneJ210': 2, 'gneJ255': 1, 'gneJ257': 1}, {'1863241632': 0, '2330725114': 0, '243351999': 6, '243641585': 2, '243749571': 10, '30503246': 0, '30624898': 3, '32564122': 1, '89127267': 6, '89173763': 11, '89173808': 2, 'cluster_1427494838_273472399': 6, 'cluster_1757124350_1757124352': 0, 'cluster_1863241547_1863241548_1976170214': 9, 'cluster_306484187_cluster_1200363791_1200363826_1200363834_1200363898_1200363927_1200363938_1200363947_1200364074_1200364103_1507566554_1507566556_255882157_306484190': 1, 'gneJ143': 5, 'gneJ207': 0, 'gneJ208': 5, 'gneJ210': 4, 'gneJ255': 1, 'gneJ257': 1}, 
57790.0, {'1863241632': 1, '2330725114': 4, '243351999': -5, '243641585': -3, '243749571': -10, '30503246': 0, '30624898': -3, '32564122': 0, '89127267': -5, '89173763': -5, '89173808': -2, 'cluster_1427494838_273472399': -6, 'cluster_1757124350_1757124352': 0, 'cluster_1863241547_1863241548_1976170214': -8, 'cluster_306484187_cluster_1200363791_1200363826_1200363834_1200363898_1200363927_1200363938_1200363947_1200364074_1200364103_1507566554_1507566556_255882157_306484190': 5, 'gneJ143': -5, 'gneJ207': 0, 'gneJ208': -4, 'gneJ210': -4, 'gneJ255': -1, 'gneJ257': 0}, {'1863241632': 0, '2330725114': 1, '243351999': 6, '243641585': 2, '243749571': 6, '30503246': 0, '30624898': 3, '32564122': 1, '89127267': 4, '89173763': 5, '89173808': 2, 'cluster_1427494838_273472399': 2, 'cluster_1757124350_1757124352': 0, 'cluster_1863241547_1863241548_1976170214': 4, 'cluster_306484187_cluster_1200363791_1200363826_1200363834_1200363898_1200363927_1200363938_1200363947_1200364074_1200364103_1507566554_1507566556_255882157_306484190': 1, 'gneJ143': 5, 'gneJ207': 0, 'gneJ208': 5, 'gneJ210': 2, 'gneJ255': 1, 'gneJ257': 1}, {'1863241632': 0, '2330725114': 1, '243351999': 6, '243641585': 3, '243749571': 10, '30503246': 0, '30624898': 4, '32564122': 1, '89127267': 6, '89173763': 6, '89173808': 2, 'cluster_1427494838_273472399': 6, 'cluster_1757124350_1757124352': 0, 'cluster_1863241547_1863241548_1976170214': 9, 'cluster_306484187_cluster_1200363791_1200363826_1200363834_1200363898_1200363927_1200363938_1200363947_1200364074_1200364103_1507566554_1507566556_255882157_306484190': 1, 'gneJ143': 5, 'gneJ207': 0, 'gneJ208': 5, 'gneJ210': 4, 'gneJ255': 1, 'gneJ257': 1}, 
57800.0, {'1863241632': 1, '2330725114': 4, '243351999': -5, '243641585': -4, '243749571': -11, '30503246': 0, '30624898': -4, '32564122': 0, '89127267': -5, '89173763': 0, '89173808': -2, 'cluster_1427494838_273472399': -7, 'cluster_1757124350_1757124352': 0, 'cluster_1863241547_1863241548_1976170214': -8, 'cluster_306484187_cluster_1200363791_1200363826_1200363834_1200363898_1200363927_1200363938_1200363947_1200364074_1200364103_1507566554_1507566556_255882157_306484190': 5, 'gneJ143': -5, 'gneJ207': 0, 'gneJ208': -4, 'gneJ210': -4, 'gneJ255': -1, 'gneJ257': 0}, {'1863241632': 0, '2330725114': 1, '243351999': 6, '243641585': 2, '243749571': 7, '30503246': 0, '30624898': 3, '32564122': 1, '89127267': 5, '89173763': 1, '89173808': 2, 'cluster_1427494838_273472399': 2, 'cluster_1757124350_1757124352': 0, 'cluster_1863241547_1863241548_1976170214': 4, 'cluster_306484187_cluster_1200363791_1200363826_1200363834_1200363898_1200363927_1200363938_1200363947_1200364074_1200364103_1507566554_1507566556_255882157_306484190': 1, 'gneJ143': 5, 'gneJ207': 0, 'gneJ208': 5, 'gneJ210': 2, 'gneJ255': 1, 'gneJ257': 1}, {'1863241632': 0, '2330725114': 1, '243351999': 6, '243641585': 4, '243749571': 11, '30503246': 0, '30624898': 4, '32564122': 1, '89127267': 6, '89173763': 2, '89173808': 2, 'cluster_1427494838_273472399': 7, 'cluster_1757124350_1757124352': 0, 'cluster_1863241547_1863241548_1976170214': 10, 'cluster_306484187_cluster_1200363791_1200363826_1200363834_1200363898_1200363927_1200363938_1200363947_1200364074_1200364103_1507566554_1507566556_255882157_306484190': 1, 'gneJ143': 5, 'gneJ207': 0, 'gneJ208': 5, 'gneJ210': 4, 'gneJ255': 1, 'gneJ257': 1}, 
57810.0, {'1863241632': 1, '2330725114': 0, '243351999': -5, '243641585': -6, '243749571': -11, '30503246': -1, '30624898': 0, '32564122': 1, '89127267': -6, '89173763': 0, '89173808': -2, 'cluster_1427494838_273472399': -7, 'cluster_1757124350_1757124352': 0, 'cluster_1863241547_1863241548_1976170214': -7, 'cluster_306484187_cluster_1200363791_1200363826_1200363834_1200363898_1200363927_1200363938_1200363947_1200364074_1200364103_1507566554_1507566556_255882157_306484190': 4, 'gneJ143': -5, 'gneJ207': 0, 'gneJ208': -4, 'gneJ210': -5, 'gneJ255': -1, 'gneJ257': 1}, {'1863241632': 0, '2330725114': 5, '243351999': 6, '243641585': 3, '243749571': 7, '30503246': 1, '30624898': 1, '32564122': 1, '89127267': 6, '89173763': 3, '89173808': 2, 'cluster_1427494838_273472399': 2, 'cluster_1757124350_1757124352': 0, 'cluster_1863241547_1863241548_1976170214': 4, 'cluster_306484187_cluster_1200363791_1200363826_1200363834_1200363898_1200363927_1200363938_1200363947_1200364074_1200364103_1507566554_1507566556_255882157_306484190': 1, 'gneJ143': 5, 'gneJ207': 0, 'gneJ208': 5, 'gneJ210': 2, 'gneJ255': 1, 'gneJ257': 1}, {'1863241632': 0, '2330725114': 5, '243351999': 6, '243641585': 6, '243749571': 11, '30503246': 1, '30624898': 1, '32564122': 1, '89127267': 7, '89173763': 4, '89173808': 2, 'cluster_1427494838_273472399': 7, 'cluster_1757124350_1757124352': 0, 'cluster_1863241547_1863241548_1976170214': 11, 'cluster_306484187_cluster_1200363791_1200363826_1200363834_1200363898_1200363927_1200363938_1200363947_1200364074_1200364103_1507566554_1507566556_255882157_306484190': 2, 'gneJ143': 5, 'gneJ207': 0, 'gneJ208': 5, 'gneJ210': 5, 'gneJ255': 1, 'gneJ257': 1}, 
57820.0, {'1863241632': 1, '2330725114': -4, '243351999': -5, '243641585': -6, '243749571': -11, '30503246': -1, '30624898': -1, '32564122': 0, '89127267': -6, '89173763': 0, '89173808': -2, 'cluster_1427494838_273472399': -7, 'cluster_1757124350_1757124352': 0, 'cluster_1863241547_1863241548_1976170214': -4, 'cluster_306484187_cluster_1200363791_1200363826_1200363834_1200363898_1200363927_1200363938_1200363947_1200364074_1200364103_1507566554_1507566556_255882157_306484190': 6, 'gneJ143': -5, 'gneJ207': -1, 'gneJ208': -4, 'gneJ210': -5, 'gneJ255': -1, 'gneJ257': 1}, {'1863241632': 0, '2330725114': 9, '243351999': 6, '243641585': 3, '243749571': 7, '30503246': 1, '30624898': 1, '32564122': 1, '89127267': 6, '89173763': 3, '89173808': 2, 'cluster_1427494838_273472399': 2, 'cluster_1757124350_1757124352': 0, 'cluster_1863241547_1863241548_1976170214': 4, 'cluster_306484187_cluster_1200363791_1200363826_1200363834_1200363898_1200363927_1200363938_1200363947_1200364074_1200364103_1507566554_1507566556_255882157_306484190': 1, 'gneJ143': 5, 'gneJ207': 1, 'gneJ208': 5, 'gneJ210': 2, 'gneJ255': 1, 'gneJ257': 1}, {'1863241632': 0, '2330725114': 9, '243351999': 6, '243641585': 6, '243749571': 11, '30503246': 1, '30624898': 1, '32564122': 1, '89127267': 7, '89173763': 4, '89173808': 2, 'cluster_1427494838_273472399': 7, 'cluster_1757124350_1757124352': 0, 'cluster_1863241547_1863241548_1976170214': 8, 'cluster_306484187_cluster_1200363791_1200363826_1200363834_1200363898_1200363927_1200363938_1200363947_1200364074_1200364103_1507566554_1507566556_255882157_306484190': 1, 'gneJ143': 5, 'gneJ207': 1, 'gneJ208': 5, 'gneJ210': 5, 'gneJ255': 1, 'gneJ257': 1}, 
57830.0, {'1863241632': 1, '2330725114': -7, '243351999': -5, '243641585': -6, '243749571': -11, '30503246': -1, '30624898': -1, '32564122': 0, '89127267': -6, '89173763': 1, '89173808': -3, 'cluster_1427494838_273472399': -7, 'cluster_1757124350_1757124352': 0, 'cluster_1863241547_1863241548_1976170214': 2, 'cluster_306484187_cluster_1200363791_1200363826_1200363834_1200363898_1200363927_1200363938_1200363947_1200364074_1200364103_1507566554_1507566556_255882157_306484190': 6, 'gneJ143': -5, 'gneJ207': -1, 'gneJ208': -4, 'gneJ210': -5, 'gneJ255': -1, 'gneJ257': 1}, {'1863241632': 0, '2330725114': 12, '243351999': 6, '243641585': 3, '243749571': 7, '30503246': 1, '30624898': 1, '32564122': 1, '89127267': 6, '89173763': 3, '89173808': 3, 'cluster_1427494838_273472399': 2, 'cluster_1757124350_1757124352': 0, 'cluster_1863241547_1863241548_1976170214': 1, 'cluster_306484187_cluster_1200363791_1200363826_1200363834_1200363898_1200363927_1200363938_1200363947_1200364074_1200364103_1507566554_1507566556_255882157_306484190': 1, 'gneJ143': 5, 'gneJ207': 1, 'gneJ208': 5, 'gneJ210': 2, 'gneJ255': 1, 'gneJ257': 1}, {'1863241632': 0, '2330725114': 12, '243351999': 6, '243641585': 6, '243749571': 11, '30503246': 1, '30624898': 1, '32564122': 1, '89127267': 7, '89173763': 4, '89173808': 3, 'cluster_1427494838_273472399': 7, 'cluster_1757124350_1757124352': 0, 'cluster_1863241547_1863241548_1976170214': 2, 'cluster_306484187_cluster_1200363791_1200363826_1200363834_1200363898_1200363927_1200363938_1200363947_1200364074_1200364103_1507566554_1507566556_255882157_306484190': 1, 'gneJ143': 5, 'gneJ207': 1, 'gneJ208': 5, 'gneJ210': 5, 'gneJ255': 1, 'gneJ257': 1}, 
57840.0, {'1863241632': 1, '2330725114': -11, '243351999': -5, '243641585': -6, '243749571': -11, '30503246': -1, '30624898': -1, '32564122': 1, '89127267': -7, '89173763': 1, '89173808': -3, 'cluster_1427494838_273472399': -7, 'cluster_1757124350_1757124352': 0, 'cluster_1863241547_1863241548_1976170214': 2, 'cluster_306484187_cluster_1200363791_1200363826_1200363834_1200363898_1200363927_1200363938_1200363947_1200364074_1200364103_1507566554_1507566556_255882157_306484190': 5, 'gneJ143': -5, 'gneJ207': 0, 'gneJ208': -4, 'gneJ210': -5, 'gneJ255': -1, 'gneJ257': 0}, {'1863241632': 0, '2330725114': 16, '243351999': 6, '243641585': 3, '243749571': 7, '30503246': 1, '30624898': 1, '32564122': 1, '89127267': 7, '89173763': 3, '89173808': 3, 'cluster_1427494838_273472399': 2, 'cluster_1757124350_1757124352': 0, 'cluster_1863241547_1863241548_1976170214': 1, 'cluster_306484187_cluster_1200363791_1200363826_1200363834_1200363898_1200363927_1200363938_1200363947_1200364074_1200364103_1507566554_1507566556_255882157_306484190': 1, 'gneJ143': 5, 'gneJ207': 0, 'gneJ208': 5, 'gneJ210': 2, 'gneJ255': 1, 'gneJ257': 2}, {'1863241632': 0, '2330725114': 16, '243351999': 6, '243641585': 6, '243749571': 11, '30503246': 1, '30624898': 1, '32564122': 1, '89127267': 8, '89173763': 4, '89173808': 3, 'cluster_1427494838_273472399': 7, 'cluster_1757124350_1757124352': 0, 'cluster_1863241547_1863241548_1976170214': 2, 'cluster_306484187_cluster_1200363791_1200363826_1200363834_1200363898_1200363927_1200363938_1200363947_1200364074_1200364103_1507566554_1507566556_255882157_306484190': 1, 'gneJ143': 5, 'gneJ207': 0, 'gneJ208': 5, 'gneJ210': 5, 'gneJ255': 1, 'gneJ257': 2}, 
57850.0, {'1863241632': 1, '2330725114': -14, '243351999': -5, '243641585': -6, '243749571': -13, '30503246': -1, '30624898': -1, '32564122': 1, '89127267': -7, '89173763': 1, '89173808': -4, 'cluster_1427494838_273472399': -7, 'cluster_1757124350_1757124352': 0, 'cluster_1863241547_1863241548_1976170214': 2, 'cluster_306484187_cluster_1200363791_1200363826_1200363834_1200363898_1200363927_1200363938_1200363947_1200364074_1200364103_1507566554_1507566556_255882157_306484190': 5, 'gneJ143': -5, 'gneJ207': 0, 'gneJ208': -4, 'gneJ210': -5, 'gneJ255': -2, 'gneJ257': 0}, {'1863241632': 0, '2330725114': 19, '243351999': 6, '243641585': 3, '243749571': 8, '30503246': 1, '30624898': 1, '32564122': 1, '89127267': 7, '89173763': 3, '89173808': 4, 'cluster_1427494838_273472399': 2, 'cluster_1757124350_1757124352': 0, 'cluster_1863241547_1863241548_1976170214': 1, 'cluster_306484187_cluster_1200363791_1200363826_1200363834_1200363898_1200363927_1200363938_1200363947_1200364074_1200364103_1507566554_1507566556_255882157_306484190': 1, 'gneJ143': 5, 'gneJ207': 0, 'gneJ208': 5, 'gneJ210': 2, 'gneJ255': 2, 'gneJ257': 2}, {'1863241632': 0, '2330725114': 19, '243351999': 6, '243641585': 6, '243749571': 13, '30503246': 1, '30624898': 1, '32564122': 1, '89127267': 8, '89173763': 4, '89173808': 4, 'cluster_1427494838_273472399': 7, 'cluster_1757124350_1757124352': 0, 'cluster_1863241547_1863241548_1976170214': 2, 'cluster_306484187_cluster_1200363791_1200363826_1200363834_1200363898_1200363927_1200363938_1200363947_1200364074_1200364103_1507566554_1507566556_255882157_306484190': 1, 'gneJ143': 5, 'gneJ207': 0, 'gneJ208': 5, 'gneJ210': 5, 'gneJ255': 2, 'gneJ257': 2}, 
57860.0, {'1863241632': 1, '2330725114': -19, '243351999': -5, '243641585': -6, '243749571': -13, '30503246': -1, '30624898': -1, '32564122': 1, '89127267': -8, '89173763': 1, '89173808': -5, 'cluster_1427494838_273472399': -7, 'cluster_1757124350_1757124352': 0, 'cluster_1863241547_1863241548_1976170214': 2, 'cluster_306484187_cluster_1200363791_1200363826_1200363834_1200363898_1200363927_1200363938_1200363947_1200364074_1200364103_1507566554_1507566556_255882157_306484190': 5, 'gneJ143': -6, 'gneJ207': 1, 'gneJ208': -4, 'gneJ210': -5, 'gneJ255': -2, 'gneJ257': 0}, {'1863241632': 0, '2330725114': 24, '243351999': 6, '243641585': 3, '243749571': 8, '30503246': 1, '30624898': 1, '32564122': 1, '89127267': 8, '89173763': 3, '89173808': 4, 'cluster_1427494838_273472399': 2, 'cluster_1757124350_1757124352': 0, 'cluster_1863241547_1863241548_1976170214': 1, 'cluster_306484187_cluster_1200363791_1200363826_1200363834_1200363898_1200363927_1200363938_1200363947_1200364074_1200364103_1507566554_1507566556_255882157_306484190': 1, 'gneJ143': 5, 'gneJ207': 0, 'gneJ208': 5, 'gneJ210': 2, 'gneJ255': 2, 'gneJ257': 3}, {'1863241632': 0, '2330725114': 24, '243351999': 6, '243641585': 6, '243749571': 13, '30503246': 1, '30624898': 1, '32564122': 2, '89127267': 9, '89173763': 4, '89173808': 5, 'cluster_1427494838_273472399': 7, 'cluster_1757124350_1757124352': 0, 'cluster_1863241547_1863241548_1976170214': 2, 'cluster_306484187_cluster_1200363791_1200363826_1200363834_1200363898_1200363927_1200363938_1200363947_1200364074_1200364103_1507566554_1507566556_255882157_306484190': 1, 'gneJ143': 6, 'gneJ207': 0, 'gneJ208': 5, 'gneJ210': 5, 'gneJ255': 2, 'gneJ257': 3}, 
57870.0, {'1863241632': 1, '2330725114': -22, '243351999': -5, '243641585': -6, '243749571': -11, '30503246': -1, '30624898': -1, '32564122': 0, '89127267': -9, '89173763': 1, '89173808': -4, 'cluster_1427494838_273472399': -7, 'cluster_1757124350_1757124352': 0, 'cluster_1863241547_1863241548_1976170214': 2, 'cluster_306484187_cluster_1200363791_1200363826_1200363834_1200363898_1200363927_1200363938_1200363947_1200364074_1200364103_1507566554_1507566556_255882157_306484190': 5, 'gneJ143': -5, 'gneJ207': 0, 'gneJ208': -6, 'gneJ210': -9, 'gneJ255': -2, 'gneJ257': 1}, {'1863241632': 0, '2330725114': 27, '243351999': 6, '243641585': 3, '243749571': 8, '30503246': 1, '30624898': 1, '32564122': 1, '89127267': 9, '89173763': 3, '89173808': 4, 'cluster_1427494838_273472399': 2, 'cluster_1757124350_1757124352': 0, 'cluster_1863241547_1863241548_1976170214': 1, 'cluster_306484187_cluster_1200363791_1200363826_1200363834_1200363898_1200363927_1200363938_1200363947_1200364074_1200364103_1507566554_1507566556_255882157_306484190': 1, 'gneJ143': 5, 'gneJ207': 0, 'gneJ208': 5, 'gneJ210': 4, 'gneJ255': 2, 'gneJ257': 3}, {'1863241632': 0, '2330725114': 27, '243351999': 6, '243641585': 6, '243749571': 13, '30503246': 1, '30624898': 1, '32564122': 3, '89127267': 10, '89173763': 4, '89173808': 4, 'cluster_1427494838_273472399': 7, 'cluster_1757124350_1757124352': 0, 'cluster_1863241547_1863241548_1976170214': 2, 'cluster_306484187_cluster_1200363791_1200363826_1200363834_1200363898_1200363927_1200363938_1200363947_1200364074_1200364103_1507566554_1507566556_255882157_306484190': 1, 'gneJ143': 5, 'gneJ207': 0, 'gneJ208': 7, 'gneJ210': 9, 'gneJ255': 2, 'gneJ257': 3}, 
57880.0, {'1863241632': 1, '2330725114': -22, '243351999': -5, '243641585': -7, '243749571': -14, '30503246': -1, '30624898': -1, '32564122': 0, '89127267': -6, '89173763': 1, '89173808': -6, 'cluster_1427494838_273472399': -7, 'cluster_1757124350_1757124352': 0, 'cluster_1863241547_1863241548_1976170214': 2, 'cluster_306484187_cluster_1200363791_1200363826_1200363834_1200363898_1200363927_1200363938_1200363947_1200364074_1200364103_1507566554_1507566556_255882157_306484190': 5, 'gneJ143': -6, 'gneJ207': 0, 'gneJ208': -6, 'gneJ210': -11, 'gneJ255': -2, 'gneJ257': 1}, {'1863241632': 0, '2330725114': 27, '243351999': 6, '243641585': 4, '243749571': 11, '30503246': 1, '30624898': 1, '32564122': 1, '89127267': 7, '89173763': 3, '89173808': 4, 'cluster_1427494838_273472399': 2, 'cluster_1757124350_1757124352': 1, 'cluster_1863241547_1863241548_1976170214': 1, 'cluster_306484187_cluster_1200363791_1200363826_1200363834_1200363898_1200363927_1200363938_1200363947_1200364074_1200364103_1507566554_1507566556_255882157_306484190': 1, 'gneJ143': 5, 'gneJ207': 0, 'gneJ208': 5, 'gneJ210': 5, 'gneJ255': 2, 'gneJ257': 3}, {'1863241632': 0, '2330725114': 27, '243351999': 6, '243641585': 7, '243749571': 16, '30503246': 1, '30624898': 1, '32564122': 3, '89127267': 7, '89173763': 4, '89173808': 6, 'cluster_1427494838_273472399': 7, 'cluster_1757124350_1757124352': 1, 'cluster_1863241547_1863241548_1976170214': 2, 'cluster_306484187_cluster_1200363791_1200363826_1200363834_1200363898_1200363927_1200363938_1200363947_1200364074_1200364103_1507566554_1507566556_255882157_306484190': 1, 'gneJ143': 6, 'gneJ207': 0, 'gneJ208': 7, 'gneJ210': 11, 'gneJ255': 2, 'gneJ257': 3}, 
57890.0, {'1863241632': 1, '2330725114': -22, '243351999': -5, '243641585': -7, '243749571': -16, '30503246': -1, '30624898': -2, '32564122': 0, '89127267': -4, '89173763': 1, '89173808': -4, 'cluster_1427494838_273472399': -7, 'cluster_1757124350_1757124352': -1, 'cluster_1863241547_1863241548_1976170214': 2, 'cluster_306484187_cluster_1200363791_1200363826_1200363834_1200363898_1200363927_1200363938_1200363947_1200364074_1200364103_1507566554_1507566556_255882157_306484190': 5, 'gneJ143': -5, 'gneJ207': 0, 'gneJ208': -4, 'gneJ210': -11, 'gneJ255': -2, 'gneJ257': 1}, {'1863241632': 0, '2330725114': 27, '243351999': 6, '243641585': 4, '243749571': 11, '30503246': 1, '30624898': 2, '32564122': 1, '89127267': 6, '89173763': 3, '89173808': 4, 'cluster_1427494838_273472399': 2, 'cluster_1757124350_1757124352': 1, 'cluster_1863241547_1863241548_1976170214': 1, 'cluster_306484187_cluster_1200363791_1200363826_1200363834_1200363898_1200363927_1200363938_1200363947_1200364074_1200364103_1507566554_1507566556_255882157_306484190': 1, 'gneJ143': 5, 'gneJ207': 0, 'gneJ208': 5, 'gneJ210': 5, 'gneJ255': 2, 'gneJ257': 3}, {'1863241632': 0, '2330725114': 27, '243351999': 6, '243641585': 7, '243749571': 18, '30503246': 1, '30624898': 2, '32564122': 3, '89127267': 6, '89173763': 4, '89173808': 4, 'cluster_1427494838_273472399': 7, 'cluster_1757124350_1757124352': 1, 'cluster_1863241547_1863241548_1976170214': 2, 'cluster_306484187_cluster_1200363791_1200363826_1200363834_1200363898_1200363927_1200363938_1200363947_1200364074_1200364103_1507566554_1507566556_255882157_306484190': 1, 'gneJ143': 5, 'gneJ207': 0, 'gneJ208': 7, 'gneJ210': 11, 'gneJ255': 2, 'gneJ257': 3}, 
57900.0, {'1863241632': 1, '2330725114': -22, '243351999': -5, '243641585': -7, '243749571': -18, '30503246': -1, '30624898': -2, '32564122': 0, '89127267': -4, '89173763': 2, '89173808': -4, 'cluster_1427494838_273472399': -7, 'cluster_1757124350_1757124352': -1, 'cluster_1863241547_1863241548_1976170214': 1, 'cluster_306484187_cluster_1200363791_1200363826_1200363834_1200363898_1200363927_1200363938_1200363947_1200364074_1200364103_1507566554_1507566556_255882157_306484190': 6, 'gneJ143': -5, 'gneJ207': -1, 'gneJ208': -2, 'gneJ210': -12, 'gneJ255': -2, 'gneJ257': 1}, {'1863241632': 0, '2330725114': 27, '243351999': 6, '243641585': 4, '243749571': 11, '30503246': 1, '30624898': 2, '32564122': 1, '89127267': 6, '89173763': 3, '89173808': 4, 'cluster_1427494838_273472399': 2, 'cluster_1757124350_1757124352': 1, 'cluster_1863241547_1863241548_1976170214': 1, 'cluster_306484187_cluster_1200363791_1200363826_1200363834_1200363898_1200363927_1200363938_1200363947_1200364074_1200364103_1507566554_1507566556_255882157_306484190': 1, 'gneJ143': 5, 'gneJ207': 1, 'gneJ208': 5, 'gneJ210': 5, 'gneJ255': 2, 'gneJ257': 3}, {'1863241632': 0, '2330725114': 27, '243351999': 6, '243641585': 7, '243749571': 21, '30503246': 1, '30624898': 2, '32564122': 3, '89127267': 6, '89173763': 4, '89173808': 4, 'cluster_1427494838_273472399': 7, 'cluster_1757124350_1757124352': 1, 'cluster_1863241547_1863241548_1976170214': 3, 'cluster_306484187_cluster_1200363791_1200363826_1200363834_1200363898_1200363927_1200363938_1200363947_1200364074_1200364103_1507566554_1507566556_255882157_306484190': 1, 'gneJ143': 5, 'gneJ207': 1, 'gneJ208': 8, 'gneJ210': 12, 'gneJ255': 2, 'gneJ257': 3}, 
57910.0, {'1863241632': 1, '2330725114': -22, '243351999': -5, '243641585': -7, '243749571': -22, '30503246': -1, '30624898': -3, '32564122': 0, '89127267': -1, '89173763': 2, '89173808': -6, 'cluster_1427494838_273472399': -7, 'cluster_1757124350_1757124352': -1, 'cluster_1863241547_1863241548_1976170214': 1, 'cluster_306484187_cluster_1200363791_1200363826_1200363834_1200363898_1200363927_1200363938_1200363947_1200364074_1200364103_1507566554_1507566556_255882157_306484190': 6, 'gneJ143': -5, 'gneJ207': 1, 'gneJ208': 2, 'gneJ210': -14, 'gneJ255': -2, 'gneJ257': 1}, {'1863241632': 0, '2330725114': 27, '243351999': 6, '243641585': 4, '243749571': 11, '30503246': 1, '30624898': 2, '32564122': 1, '89127267': 4, '89173763': 3, '89173808': 4, 'cluster_1427494838_273472399': 2, 'cluster_1757124350_1757124352': 1, 'cluster_1863241547_1863241548_1976170214': 1, 'cluster_306484187_cluster_1200363791_1200363826_1200363834_1200363898_1200363927_1200363938_1200363947_1200364074_1200364103_1507566554_1507566556_255882157_306484190': 1, 'gneJ143': 5, 'gneJ207': 1, 'gneJ208': 5, 'gneJ210': 6, 'gneJ255': 2, 'gneJ257': 3}, {'1863241632': 0, '2330725114': 27, '243351999': 6, '243641585': 7, '243749571': 22, '30503246': 1, '30624898': 3, '32564122': 3, '89127267': 4, '89173763': 4, '89173808': 6, 'cluster_1427494838_273472399': 7, 'cluster_1757124350_1757124352': 1, 'cluster_1863241547_1863241548_1976170214': 3, 'cluster_306484187_cluster_1200363791_1200363826_1200363834_1200363898_1200363927_1200363938_1200363947_1200364074_1200364103_1507566554_1507566556_255882157_306484190': 1, 'gneJ143': 5, 'gneJ207': 1, 'gneJ208': 5, 'gneJ210': 14, 'gneJ255': 2, 'gneJ257': 3}, 
57920.0, {'1863241632': 1, '2330725114': -22, '243351999': -5, '243641585': -7, '243749571': -22, '30503246': -1, '30624898': -3, '32564122': 0, '89127267': 1, '89173763': 2, '89173808': -6, 'cluster_1427494838_273472399': -8, 'cluster_1757124350_1757124352': -1, 'cluster_1863241547_1863241548_1976170214': 1, 'cluster_306484187_cluster_1200363791_1200363826_1200363834_1200363898_1200363927_1200363938_1200363947_1200364074_1200364103_1507566554_1507566556_255882157_306484190': 6, 'gneJ143': -5, 'gneJ207': 1, 'gneJ208': 2, 'gneJ210': -8, 'gneJ255': -2, 'gneJ257': 1}, {'1863241632': 0, '2330725114': 27, '243351999': 6, '243641585': 4, '243749571': 11, '30503246': 1, '30624898': 2, '32564122': 1, '89127267': 3, '89173763': 3, '89173808': 4, 'cluster_1427494838_273472399': 2, 'cluster_1757124350_1757124352': 1, 'cluster_1863241547_1863241548_1976170214': 1, 'cluster_306484187_cluster_1200363791_1200363826_1200363834_1200363898_1200363927_1200363938_1200363947_1200364074_1200364103_1507566554_1507566556_255882157_306484190': 1, 'gneJ143': 5, 'gneJ207': 1, 'gneJ208': 5, 'gneJ210': 4, 'gneJ255': 2, 'gneJ257': 3}, {'1863241632': 0, '2330725114': 27, '243351999': 6, '243641585': 7, '243749571': 22, '30503246': 1, '30624898': 3, '32564122': 3, '89127267': 3, '89173763': 4, '89173808': 6, 'cluster_1427494838_273472399': 8, 'cluster_1757124350_1757124352': 1, 'cluster_1863241547_1863241548_1976170214': 3, 'cluster_306484187_cluster_1200363791_1200363826_1200363834_1200363898_1200363927_1200363938_1200363947_1200364074_1200364103_1507566554_1507566556_255882157_306484190': 1, 'gneJ143': 5, 'gneJ207': 1, 'gneJ208': 5, 'gneJ210': 8, 'gneJ255': 2, 'gneJ257': 3}, 
57930.0, {'1863241632': 1, '2330725114': -22, '243351999': -5, '243641585': -7, '243749571': -23, '30503246': -1, '30624898': -3, '32564122': 1, '89127267': 2, '89173763': 2, '89173808': -6, 'cluster_1427494838_273472399': -7, 'cluster_1757124350_1757124352': -1, 'cluster_1863241547_1863241548_1976170214': 1, 'cluster_306484187_cluster_1200363791_1200363826_1200363834_1200363898_1200363927_1200363938_1200363947_1200364074_1200364103_1507566554_1507566556_255882157_306484190': 5, 'gneJ143': -5, 'gneJ207': 2, 'gneJ208': 3, 'gneJ210': -7, 'gneJ255': -2, 'gneJ257': 0}, {'1863241632': 0, '2330725114': 27, '243351999': 6, '243641585': 4, '243749571': 11, '30503246': 1, '30624898': 2, '32564122': 1, '89127267': 1, '89173763': 3, '89173808': 4, 'cluster_1427494838_273472399': 2, 'cluster_1757124350_1757124352': 1, 'cluster_1863241547_1863241548_1976170214': 1, 'cluster_306484187_cluster_1200363791_1200363826_1200363834_1200363898_1200363927_1200363938_1200363947_1200364074_1200364103_1507566554_1507566556_255882157_306484190': 1, 'gneJ143': 5, 'gneJ207': 0, 'gneJ208': 5, 'gneJ210': 4, 'gneJ255': 2, 'gneJ257': 4}, {'1863241632': 0, '2330725114': 27, '243351999': 6, '243641585': 7, '243749571': 23, '30503246': 1, '30624898': 3, '32564122': 3, '89127267': 1, '89173763': 4, '89173808': 6, 'cluster_1427494838_273472399': 7, 'cluster_1757124350_1757124352': 1, 'cluster_1863241547_1863241548_1976170214': 3, 'cluster_306484187_cluster_1200363791_1200363826_1200363834_1200363898_1200363927_1200363938_1200363947_1200364074_1200364103_1507566554_1507566556_255882157_306484190': 1, 'gneJ143': 5, 'gneJ207': 0, 'gneJ208': 5, 'gneJ210': 7, 'gneJ255': 2, 'gneJ257': 4}, 
57940.0, {'1863241632': 0, '2330725114': -22, '243351999': -5, '243641585': -8, '243749571': -23, '30503246': -1, '30624898': -3, '32564122': 1, '89127267': 2, '89173763': 3, '89173808': -7, 'cluster_1427494838_273472399': -7, 'cluster_1757124350_1757124352': -1, 'cluster_1863241547_1863241548_1976170214': 0, 'cluster_306484187_cluster_1200363791_1200363826_1200363834_1200363898_1200363927_1200363938_1200363947_1200364074_1200364103_1507566554_1507566556_255882157_306484190': 5, 'gneJ143': -5, 'gneJ207': 3, 'gneJ208': 3, 'gneJ210': -13, 'gneJ255': -2, 'gneJ257': 0}, {'1863241632': 1, '2330725114': 27, '243351999': 6, '243641585': 5, '243749571': 11, '30503246': 1, '30624898': 2, '32564122': 1, '89127267': 1, '89173763': 3, '89173808': 4, 'cluster_1427494838_273472399': 2, 'cluster_1757124350_1757124352': 1, 'cluster_1863241547_1863241548_1976170214': 2, 'cluster_306484187_cluster_1200363791_1200363826_1200363834_1200363898_1200363927_1200363938_1200363947_1200364074_1200364103_1507566554_1507566556_255882157_306484190': 1, 'gneJ143': 5, 'gneJ207': 0, 'gneJ208': 5, 'gneJ210': 7, 'gneJ255': 2, 'gneJ257': 4}, {'1863241632': 1, '2330725114': 27, '243351999': 6, '243641585': 8, '243749571': 23, '30503246': 1, '30624898': 3, '32564122': 3, '89127267': 1, '89173763': 4, '89173808': 7, 'cluster_1427494838_273472399': 7, 'cluster_1757124350_1757124352': 1, 'cluster_1863241547_1863241548_1976170214': 4, 'cluster_306484187_cluster_1200363791_1200363826_1200363834_1200363898_1200363927_1200363938_1200363947_1200364074_1200364103_1507566554_1507566556_255882157_306484190': 1, 'gneJ143': 5, 'gneJ207': 0, 'gneJ208': 5, 'gneJ210': 13, 'gneJ255': 2, 'gneJ257': 4}, 
57950.0, {'1863241632': -1, '2330725114': -22, '243351999': -5, '243641585': -9, '243749571': -24, '30503246': -1, '30624898': -3, '32564122': 2, '89127267': 3, '89173763': 3, '89173808': -7, 'cluster_1427494838_273472399': -7, 'cluster_1757124350_1757124352': -1, 'cluster_1863241547_1863241548_1976170214': 0, 'cluster_306484187_cluster_1200363791_1200363826_1200363834_1200363898_1200363927_1200363938_1200363947_1200364074_1200364103_1507566554_1507566556_255882157_306484190': 4, 'gneJ143': -5, 'gneJ207': 2, 'gneJ208': 3, 'gneJ210': -14, 'gneJ255': -2, 'gneJ257': 0}, {'1863241632': 2, '2330725114': 27, '243351999': 6, '243641585': 6, '243749571': 11, '30503246': 1, '30624898': 2, '32564122': 1, '89127267': 0, '89173763': 3, '89173808': 4, 'cluster_1427494838_273472399': 2, 'cluster_1757124350_1757124352': 1, 'cluster_1863241547_1863241548_1976170214': 2, 'cluster_306484187_cluster_1200363791_1200363826_1200363834_1200363898_1200363927_1200363938_1200363947_1200364074_1200364103_1507566554_1507566556_255882157_306484190': 1, 'gneJ143': 5, 'gneJ207': 1, 'gneJ208': 5, 'gneJ210': 7, 'gneJ255': 2, 'gneJ257': 4}, {'1863241632': 2, '2330725114': 27, '243351999': 6, '243641585': 9, '243749571': 24, '30503246': 1, '30624898': 3, '32564122': 3, '89127267': 0, '89173763': 4, '89173808': 8, 'cluster_1427494838_273472399': 7, 'cluster_1757124350_1757124352': 1, 'cluster_1863241547_1863241548_1976170214': 4, 'cluster_306484187_cluster_1200363791_1200363826_1200363834_1200363898_1200363927_1200363938_1200363947_1200364074_1200364103_1507566554_1507566556_255882157_306484190': 2, 'gneJ143': 5, 'gneJ207': 1, 'gneJ208': 5, 'gneJ210': 14, 'gneJ255': 2, 'gneJ257': 4}, 
57960.0, {'1863241632': -1, '2330725114': -22, '243351999': -5, '243641585': -10, '243749571': -24, '30503246': -1, '30624898': -3, '32564122': 1, '89127267': 3, '89173763': 3, '89173808': -8, 'cluster_1427494838_273472399': -7, 'cluster_1757124350_1757124352': -1, 'cluster_1863241547_1863241548_1976170214': 0, 'cluster_306484187_cluster_1200363791_1200363826_1200363834_1200363898_1200363927_1200363938_1200363947_1200364074_1200364103_1507566554_1507566556_255882157_306484190': 5, 'gneJ143': -8, 'gneJ207': 8, 'gneJ208': 3, 'gneJ210': -14, 'gneJ255': -3, 'gneJ257': 0}, {'1863241632': 2, '2330725114': 27, '243351999': 6, '243641585': 7, '243749571': 11, '30503246': 1, '30624898': 2, '32564122': 1, '89127267': 0, '89173763': 3, '89173808': 4, 'cluster_1427494838_273472399': 2, 'cluster_1757124350_1757124352': 1, 'cluster_1863241547_1863241548_1976170214': 2, 'cluster_306484187_cluster_1200363791_1200363826_1200363834_1200363898_1200363927_1200363938_1200363947_1200364074_1200364103_1507566554_1507566556_255882157_306484190': 1, 'gneJ143': 3, 'gneJ207': 1, 'gneJ208': 5, 'gneJ210': 7, 'gneJ255': 3, 'gneJ257': 4}, {'1863241632': 2, '2330725114': 27, '243351999': 6, '243641585': 10, '243749571': 24, '30503246': 1, '30624898': 3, '32564122': 3, '89127267': 0, '89173763': 4, '89173808': 9, 'cluster_1427494838_273472399': 7, 'cluster_1757124350_1757124352': 1, 'cluster_1863241547_1863241548_1976170214': 4, 'cluster_306484187_cluster_1200363791_1200363826_1200363834_1200363898_1200363927_1200363938_1200363947_1200364074_1200364103_1507566554_1507566556_255882157_306484190': 1, 'gneJ143': 8, 'gneJ207': 1, 'gneJ208': 5, 'gneJ210': 14, 'gneJ255': 3, 'gneJ257': 4}, 
57970.0, {'1863241632': -2, '2330725114': -22, '243351999': -5, '243641585': -10, '243749571': -24, '30503246': -1, '30624898': -3, '32564122': 3, '89127267': 2, '89173763': 3, '89173808': -7, 'cluster_1427494838_273472399': -6, 'cluster_1757124350_1757124352': 0, 'cluster_1863241547_1863241548_1976170214': 0, 'cluster_306484187_cluster_1200363791_1200363826_1200363834_1200363898_1200363927_1200363938_1200363947_1200364074_1200364103_1507566554_1507566556_255882157_306484190': 5, 'gneJ143': -7, 'gneJ207': 9, 'gneJ208': 3, 'gneJ210': -14, 'gneJ255': -4, 'gneJ257': -2}, {'1863241632': 3, '2330725114': 27, '243351999': 6, '243641585': 7, '243749571': 11, '30503246': 1, '30624898': 2, '32564122': 1, '89127267': 1, '89173763': 3, '89173808': 4, 'cluster_1427494838_273472399': 2, 'cluster_1757124350_1757124352': 1, 'cluster_1863241547_1863241548_1976170214': 2, 'cluster_306484187_cluster_1200363791_1200363826_1200363834_1200363898_1200363927_1200363938_1200363947_1200364074_1200364103_1507566554_1507566556_255882157_306484190': 1, 'gneJ143': 3, 'gneJ207': 1, 'gneJ208': 5, 'gneJ210': 7, 'gneJ255': 4, 'gneJ257': 6}, {'1863241632': 3, '2330725114': 27, '243351999': 6, '243641585': 10, '243749571': 24, '30503246': 1, '30624898': 3, '32564122': 3, '89127267': 1, '89173763': 4, '89173808': 8, 'cluster_1427494838_273472399': 7, 'cluster_1757124350_1757124352': 1, 'cluster_1863241547_1863241548_1976170214': 4, 'cluster_306484187_cluster_1200363791_1200363826_1200363834_1200363898_1200363927_1200363938_1200363947_1200364074_1200364103_1507566554_1507566556_255882157_306484190': 1, 'gneJ143': 7, 'gneJ207': 1, 'gneJ208': 5, 'gneJ210': 14, 'gneJ255': 4, 'gneJ257': 6}, 
57980.0, {'1863241632': -2, '2330725114': -22, '243351999': -5, '243641585': -10, '243749571': -24, '30503246': -1, '30624898': -1, '32564122': 3, '89127267': -1, '89173763': 3, '89173808': -8, 'cluster_1427494838_273472399': -5, 'cluster_1757124350_1757124352': 1, 'cluster_1863241547_1863241548_1976170214': 0, 'cluster_306484187_cluster_1200363791_1200363826_1200363834_1200363898_1200363927_1200363938_1200363947_1200364074_1200364103_1507566554_1507566556_255882157_306484190': 5, 'gneJ143': -8, 'gneJ207': 10, 'gneJ208': 3, 'gneJ210': -14, 'gneJ255': -4, 'gneJ257': -2}, {'1863241632': 3, '2330725114': 27, '243351999': 6, '243641585': 7, '243749571': 11, '30503246': 1, '30624898': 2, '32564122': 1, '89127267': 2, '89173763': 3, '89173808': 5, 'cluster_1427494838_273472399': 2, 'cluster_1757124350_1757124352': 1, 'cluster_1863241547_1863241548_1976170214': 2, 'cluster_306484187_cluster_1200363791_1200363826_1200363834_1200363898_1200363927_1200363938_1200363947_1200364074_1200364103_1507566554_1507566556_255882157_306484190': 1, 'gneJ143': 3, 'gneJ207': 1, 'gneJ208': 5, 'gneJ210': 7, 'gneJ255': 4, 'gneJ257': 6}, {'1863241632': 3, '2330725114': 27, '243351999': 6, '243641585': 10, '243749571': 24, '30503246': 1, '30624898': 3, '32564122': 3, '89127267': 4, '89173763': 4, '89173808': 9, 'cluster_1427494838_273472399': 7, 'cluster_1757124350_1757124352': 1, 'cluster_1863241547_1863241548_1976170214': 4, 'cluster_306484187_cluster_1200363791_1200363826_1200363834_1200363898_1200363927_1200363938_1200363947_1200364074_1200364103_1507566554_1507566556_255882157_306484190': 1, 'gneJ143': 8, 'gneJ207': 1, 'gneJ208': 5, 'gneJ210': 14, 'gneJ255': 4, 'gneJ257': 6}, 
57990.0, {'1863241632': -2, '2330725114': -22, '243351999': -5, '243641585': -10, '243749571': -24, '30503246': -1, '30624898': -1, '32564122': 3, '89127267': -2, '89173763': 3, '89173808': -8, 'cluster_1427494838_273472399': -4, 'cluster_1757124350_1757124352': 1, 'cluster_1863241547_1863241548_1976170214': 0, 'cluster_306484187_cluster_1200363791_1200363826_1200363834_1200363898_1200363927_1200363938_1200363947_1200364074_1200364103_1507566554_1507566556_255882157_306484190': 5, 'gneJ143': -8, 'gneJ207': 10, 'gneJ208': 3, 'gneJ210': -14, 'gneJ255': -4, 'gneJ257': -2}, {'1863241632': 3, '2330725114': 27, '243351999': 6, '243641585': 7, '243749571': 11, '30503246': 1, '30624898': 2, '32564122': 1, '89127267': 5, '89173763': 3, '89173808': 5, 'cluster_1427494838_273472399': 2, 'cluster_1757124350_1757124352': 1, 'cluster_1863241547_1863241548_1976170214': 2, 'cluster_306484187_cluster_1200363791_1200363826_1200363834_1200363898_1200363927_1200363938_1200363947_1200364074_1200364103_1507566554_1507566556_255882157_306484190': 1, 'gneJ143': 3, 'gneJ207': 1, 'gneJ208': 5, 'gneJ210': 7, 'gneJ255': 4, 'gneJ257': 6}, {'1863241632': 3, '2330725114': 27, '243351999': 6, '243641585': 10, '243749571': 24, '30503246': 1, '30624898': 3, '32564122': 3, '89127267': 7, '89173763': 4, '89173808': 9, 'cluster_1427494838_273472399': 9, 'cluster_1757124350_1757124352': 1, 'cluster_1863241547_1863241548_1976170214': 4, 'cluster_306484187_cluster_1200363791_1200363826_1200363834_1200363898_1200363927_1200363938_1200363947_1200364074_1200364103_1507566554_1507566556_255882157_306484190': 1, 'gneJ143': 8, 'gneJ207': 1, 'gneJ208': 5, 'gneJ210': 14, 'gneJ255': 4, 'gneJ257': 6}, 
58000.0, {'1863241632': -2, '2330725114': -22, '243351999': -5, '243641585': -9, '243749571': -25, '30503246': -1, '30624898': -1, '32564122': 3, '89127267': -5, '89173763': 3, '89173808': -8, 'cluster_1427494838_273472399': -1, 'cluster_1757124350_1757124352': -1, 'cluster_1863241547_1863241548_1976170214': 0, 'cluster_306484187_cluster_1200363791_1200363826_1200363834_1200363898_1200363927_1200363938_1200363947_1200364074_1200364103_1507566554_1507566556_255882157_306484190': 5, 'gneJ143': -2, 'gneJ207': 5, 'gneJ208': 4, 'gneJ210': -14, 'gneJ255': -4, 'gneJ257': -3}, {'1863241632': 3, '2330725114': 27, '243351999': 6, '243641585': 7, '243749571': 11, '30503246': 1, '30624898': 2, '32564122': 1, '89127267': 6, '89173763': 3, '89173808': 5, 'cluster_1427494838_273472399': 2, 'cluster_1757124350_1757124352': 1, 'cluster_1863241547_1863241548_1976170214': 2, 'cluster_306484187_cluster_1200363791_1200363826_1200363834_1200363898_1200363927_1200363938_1200363947_1200364074_1200364103_1507566554_1507566556_255882157_306484190': 1, 'gneJ143': 1, 'gneJ207': 1, 'gneJ208': 5, 'gneJ210': 7, 'gneJ255': 4, 'gneJ257': 6}, {'1863241632': 3, '2330725114': 27, '243351999': 6, '243641585': 10, '243749571': 25, '30503246': 1, '30624898': 3, '32564122': 3, '89127267': 8, '89173763': 4, '89173808': 9, 'cluster_1427494838_273472399': 7, 'cluster_1757124350_1757124352': 1, 'cluster_1863241547_1863241548_1976170214': 4, 'cluster_306484187_cluster_1200363791_1200363826_1200363834_1200363898_1200363927_1200363938_1200363947_1200364074_1200364103_1507566554_1507566556_255882157_306484190': 1, 'gneJ143': 2, 'gneJ207': 1, 'gneJ208': 5, 'gneJ210': 14, 'gneJ255': 4, 'gneJ257': 7}, 
58010.0, {'1863241632': -2, '2330725114': -22, '243351999': -5, '243641585': -9, '243749571': -27, '30503246': -1, '30624898': -2, '32564122': 3, '89127267': -4, '89173763': 3, '89173808': -8, 'cluster_1427494838_273472399': -2, 'cluster_1757124350_1757124352': 0, 'cluster_1863241547_1863241548_1976170214': 0, 'cluster_306484187_cluster_1200363791_1200363826_1200363834_1200363898_1200363927_1200363938_1200363947_1200364074_1200364103_1507566554_1507566556_255882157_306484190': 5, 'gneJ143': -6, 'gneJ207': 1, 'gneJ208': 4, 'gneJ210': -14, 'gneJ255': -4, 'gneJ257': -3}, {'1863241632': 3, '2330725114': 27, '243351999': 6, '243641585': 7, '243749571': 13, '30503246': 1, '30624898': 2, '32564122': 1, '89127267': 5, '89173763': 3, '89173808': 5, 'cluster_1427494838_273472399': 2, 'cluster_1757124350_1757124352': 1, 'cluster_1863241547_1863241548_1976170214': 2, 'cluster_306484187_cluster_1200363791_1200363826_1200363834_1200363898_1200363927_1200363938_1200363947_1200364074_1200364103_1507566554_1507566556_255882157_306484190': 1, 'gneJ143': 5, 'gneJ207': 3, 'gneJ208': 5, 'gneJ210': 7, 'gneJ255': 4, 'gneJ257': 6}, {'1863241632': 3, '2330725114': 27, '243351999': 6, '243641585': 10, '243749571': 27, '30503246': 1, '30624898': 4, '32564122': 3, '89127267': 7, '89173763': 4, '89173808': 9, 'cluster_1427494838_273472399': 7, 'cluster_1757124350_1757124352': 1, 'cluster_1863241547_1863241548_1976170214': 4, 'cluster_306484187_cluster_1200363791_1200363826_1200363834_1200363898_1200363927_1200363938_1200363947_1200364074_1200364103_1507566554_1507566556_255882157_306484190': 1, 'gneJ143': 6, 'gneJ207': 4, 'gneJ208': 5, 'gneJ210': 14, 'gneJ255': 4, 'gneJ257': 7}, 
58020.0, {'1863241632': -2, '2330725114': -22, '243351999': -5, '243641585': -9, '243749571': -27, '30503246': -1, '30624898': -1, '32564122': 3, '89127267': 0, '89173763': 3, '89173808': -8, 'cluster_1427494838_273472399': -6, 'cluster_1757124350_1757124352': 1, 'cluster_1863241547_1863241548_1976170214': 0, 'cluster_306484187_cluster_1200363791_1200363826_1200363834_1200363898_1200363927_1200363938_1200363947_1200364074_1200364103_1507566554_1507566556_255882157_306484190': 5, 'gneJ143': -5, 'gneJ207': 4, 'gneJ208': 4, 'gneJ210': -15, 'gneJ255': -3, 'gneJ257': -3}, {'1863241632': 3, '2330725114': 27, '243351999': 6, '243641585': 7, '243749571': 13, '30503246': 1, '30624898': 2, '32564122': 1, '89127267': 1, '89173763': 3, '89173808': 5, 'cluster_1427494838_273472399': 2, 'cluster_1757124350_1757124352': 1, 'cluster_1863241547_1863241548_1976170214': 2, 'cluster_306484187_cluster_1200363791_1200363826_1200363834_1200363898_1200363927_1200363938_1200363947_1200364074_1200364103_1507566554_1507566556_255882157_306484190': 1, 'gneJ143': 2, 'gneJ207': 1, 'gneJ208': 5, 'gneJ210': 7, 'gneJ255': 4, 'gneJ257': 6}, {'1863241632': 3, '2330725114': 27, '243351999': 6, '243641585': 10, '243749571': 27, '30503246': 1, '30624898': 3, '32564122': 3, '89127267': 3, '89173763': 4, '89173808': 9, 'cluster_1427494838_273472399': 7, 'cluster_1757124350_1757124352': 1, 'cluster_1863241547_1863241548_1976170214': 4, 'cluster_306484187_cluster_1200363791_1200363826_1200363834_1200363898_1200363927_1200363938_1200363947_1200364074_1200364103_1507566554_1507566556_255882157_306484190': 1, 'gneJ143': 5, 'gneJ207': 2, 'gneJ208': 5, 'gneJ210': 15, 'gneJ255': 4, 'gneJ257': 7}, 
58030.0, {'1863241632': -2, '2330725114': -22, '243351999': -5, '243641585': -9, '243749571': -27, '30503246': -1, '30624898': -2, '32564122': 3, '89127267': 1, '89173763': 3, '89173808': -8, 'cluster_1427494838_273472399': -7, 'cluster_1757124350_1757124352': 1, 'cluster_1863241547_1863241548_1976170214': 0, 'cluster_306484187_cluster_1200363791_1200363826_1200363834_1200363898_1200363927_1200363938_1200363947_1200364074_1200364103_1507566554_1507566556_255882157_306484190': 5, 'gneJ143': -6, 'gneJ207': 8, 'gneJ208': 4, 'gneJ210': -15, 'gneJ255': -3, 'gneJ257': -4}, {'1863241632': 3, '2330725114': 27, '243351999': 6, '243641585': 7, '243749571': 13, '30503246': 1, '30624898': 2, '32564122': 1, '89127267': 1, '89173763': 3, '89173808': 5, 'cluster_1427494838_273472399': 2, 'cluster_1757124350_1757124352': 1, 'cluster_1863241547_1863241548_1976170214': 2, 'cluster_306484187_cluster_1200363791_1200363826_1200363834_1200363898_1200363927_1200363938_1200363947_1200364074_1200364103_1507566554_1507566556_255882157_306484190': 1, 'gneJ143': 2, 'gneJ207': 1, 'gneJ208': 5, 'gneJ210': 7, 'gneJ255': 4, 'gneJ257': 6}, {'1863241632': 3, '2330725114': 27, '243351999': 6, '243641585': 10, '243749571': 27, '30503246': 1, '30624898': 4, '32564122': 3, '89127267': 2, '89173763': 4, '89173808': 9, 'cluster_1427494838_273472399': 7, 'cluster_1757124350_1757124352': 1, 'cluster_1863241547_1863241548_1976170214': 4, 'cluster_306484187_cluster_1200363791_1200363826_1200363834_1200363898_1200363927_1200363938_1200363947_1200364074_1200364103_1507566554_1507566556_255882157_306484190': 1, 'gneJ143': 6, 'gneJ207': 1, 'gneJ208': 5, 'gneJ210': 15, 'gneJ255': 4, 'gneJ257': 8}, 
58040.0, {'1863241632': -2, '2330725114': -22, '243351999': -6, '243641585': -9, '243749571': -27, '30503246': -1, '30624898': -1, '32564122': 3, '89127267': 1, '89173763': 4, '89173808': -8, 'cluster_1427494838_273472399': -7, 'cluster_1757124350_1757124352': -1, 'cluster_1863241547_1863241548_1976170214': 0, 'cluster_306484187_cluster_1200363791_1200363826_1200363834_1200363898_1200363927_1200363938_1200363947_1200364074_1200364103_1507566554_1507566556_255882157_306484190': 5, 'gneJ143': -2, 'gneJ207': 4, 'gneJ208': 4, 'gneJ210': -15, 'gneJ255': -3, 'gneJ257': -4}, {'1863241632': 3, '2330725114': 27, '243351999': 6, '243641585': 7, '243749571': 13, '30503246': 1, '30624898': 2, '32564122': 1, '89127267': 1, '89173763': 3, '89173808': 5, 'cluster_1427494838_273472399': 2, 'cluster_1757124350_1757124352': 1, 'cluster_1863241547_1863241548_1976170214': 2, 'cluster_306484187_cluster_1200363791_1200363826_1200363834_1200363898_1200363927_1200363938_1200363947_1200364074_1200364103_1507566554_1507566556_255882157_306484190': 1, 'gneJ143': 2, 'gneJ207': 1, 'gneJ208': 5, 'gneJ210': 7, 'gneJ255': 4, 'gneJ257': 6}, {'1863241632': 3, '2330725114': 27, '243351999': 7, '243641585': 10, '243749571': 27, '30503246': 1, '30624898': 3, '32564122': 3, '89127267': 2, '89173763': 4, '89173808': 9, 'cluster_1427494838_273472399': 7, 'cluster_1757124350_1757124352': 1, 'cluster_1863241547_1863241548_1976170214': 4, 'cluster_306484187_cluster_1200363791_1200363826_1200363834_1200363898_1200363927_1200363938_1200363947_1200364074_1200364103_1507566554_1507566556_255882157_306484190': 1, 'gneJ143': 2, 'gneJ207': 1, 'gneJ208': 5, 'gneJ210': 15, 'gneJ255': 4, 'gneJ257': 8}, 
58050.0, {'1863241632': -2, '2330725114': -22, '243351999': -6, '243641585': -9, '243749571': -28, '30503246': -1, '30624898': -1, '32564122': 3, '89127267': -1, '89173763': 4, '89173808': -8, 'cluster_1427494838_273472399': -7, 'cluster_1757124350_1757124352': -1, 'cluster_1863241547_1863241548_1976170214': 0, 'cluster_306484187_cluster_1200363791_1200363826_1200363834_1200363898_1200363927_1200363938_1200363947_1200364074_1200364103_1507566554_1507566556_255882157_306484190': 5, 'gneJ143': -4, 'gneJ207': 4, 'gneJ208': 4, 'gneJ210': -15, 'gneJ255': -3, 'gneJ257': -4}, {'1863241632': 3, '2330725114': 27, '243351999': 6, '243641585': 7, '243749571': 14, '30503246': 1, '30624898': 2, '32564122': 1, '89127267': 2, '89173763': 3, '89173808': 5, 'cluster_1427494838_273472399': 2, 'cluster_1757124350_1757124352': 1, 'cluster_1863241547_1863241548_1976170214': 2, 'cluster_306484187_cluster_1200363791_1200363826_1200363834_1200363898_1200363927_1200363938_1200363947_1200364074_1200364103_1507566554_1507566556_255882157_306484190': 1, 'gneJ143': 4, 'gneJ207': 1, 'gneJ208': 5, 'gneJ210': 7, 'gneJ255': 4, 'gneJ257': 6}, {'1863241632': 3, '2330725114': 27, '243351999': 7, '243641585': 10, '243749571': 28, '30503246': 1, '30624898': 3, '32564122': 3, '89127267': 4, '89173763': 4, '89173808': 9, 'cluster_1427494838_273472399': 7, 'cluster_1757124350_1757124352': 1, 'cluster_1863241547_1863241548_1976170214': 4, 'cluster_306484187_cluster_1200363791_1200363826_1200363834_1200363898_1200363927_1200363938_1200363947_1200364074_1200364103_1507566554_1507566556_255882157_306484190': 1, 'gneJ143': 4, 'gneJ207': 1, 'gneJ208': 5, 'gneJ210': 15, 'gneJ255': 4, 'gneJ257': 8}, 
58060.0, {'1863241632': -2, '2330725114': -22, '243351999': -6, '243641585': -9, '243749571': -29, '30503246': -1, '30624898': -1, '32564122': 3, '89127267': 1, '89173763': 4, '89173808': -8, 'cluster_1427494838_273472399': -7, 'cluster_1757124350_1757124352': -1, 'cluster_1863241547_1863241548_1976170214': 0, 'cluster_306484187_cluster_1200363791_1200363826_1200363834_1200363898_1200363927_1200363938_1200363947_1200364074_1200364103_1507566554_1507566556_255882157_306484190': 5, 'gneJ143': -5, 'gneJ207': 4, 'gneJ208': 3, 'gneJ210': -15, 'gneJ255': -3, 'gneJ257': -4}, {'1863241632': 3, '2330725114': 27, '243351999': 6, '243641585': 7, '243749571': 15, '30503246': 1, '30624898': 2, '32564122': 1, '89127267': 1, '89173763': 3, '89173808': 5, 'cluster_1427494838_273472399': 2, 'cluster_1757124350_1757124352': 1, 'cluster_1863241547_1863241548_1976170214': 2, 'cluster_306484187_cluster_1200363791_1200363826_1200363834_1200363898_1200363927_1200363938_1200363947_1200364074_1200364103_1507566554_1507566556_255882157_306484190': 1, 'gneJ143': 5, 'gneJ207': 1, 'gneJ208': 5, 'gneJ210': 7, 'gneJ255': 4, 'gneJ257': 6}, {'1863241632': 3, '2330725114': 27, '243351999': 7, '243641585': 10, '243749571': 29, '30503246': 1, '30624898': 3, '32564122': 3, '89127267': 2, '89173763': 4, '89173808': 9, 'cluster_1427494838_273472399': 7, 'cluster_1757124350_1757124352': 1, 'cluster_1863241547_1863241548_1976170214': 4, 'cluster_306484187_cluster_1200363791_1200363826_1200363834_1200363898_1200363927_1200363938_1200363947_1200364074_1200364103_1507566554_1507566556_255882157_306484190': 1, 'gneJ143': 5, 'gneJ207': 1, 'gneJ208': 6, 'gneJ210': 15, 'gneJ255': 4, 'gneJ257': 8}, 
58070.0, {'1863241632': -2, '2330725114': -22, '243351999': -6, '243641585': -9, '243749571': -29, '30503246': -1, '30624898': 0, '32564122': 3, '89127267': 0, '89173763': 4, '89173808': -8, 'cluster_1427494838_273472399': -7, 'cluster_1757124350_1757124352': -1, 'cluster_1863241547_1863241548_1976170214': 0, 'cluster_306484187_cluster_1200363791_1200363826_1200363834_1200363898_1200363927_1200363938_1200363947_1200364074_1200364103_1507566554_1507566556_255882157_306484190': 5, 'gneJ143': -5, 'gneJ207': 4, 'gneJ208': 3, 'gneJ210': -15, 'gneJ255': -3, 'gneJ257': -4}, {'1863241632': 3, '2330725114': 27, '243351999': 6, '243641585': 7, '243749571': 15, '30503246': 1, '30624898': 2, '32564122': 1, '89127267': 2, '89173763': 3, '89173808': 5, 'cluster_1427494838_273472399': 2, 'cluster_1757124350_1757124352': 1, 'cluster_1863241547_1863241548_1976170214': 2, 'cluster_306484187_cluster_1200363791_1200363826_1200363834_1200363898_1200363927_1200363938_1200363947_1200364074_1200364103_1507566554_1507566556_255882157_306484190': 1, 'gneJ143': 5, 'gneJ207': 1, 'gneJ208': 5, 'gneJ210': 7, 'gneJ255': 4, 'gneJ257': 6}, {'1863241632': 3, '2330725114': 27, '243351999': 7, '243641585': 10, '243749571': 29, '30503246': 1, '30624898': 3, '32564122': 3, '89127267': 3, '89173763': 4, '89173808': 9, 'cluster_1427494838_273472399': 7, 'cluster_1757124350_1757124352': 1, 'cluster_1863241547_1863241548_1976170214': 4, 'cluster_306484187_cluster_1200363791_1200363826_1200363834_1200363898_1200363927_1200363938_1200363947_1200364074_1200364103_1507566554_1507566556_255882157_306484190': 1, 'gneJ143': 5, 'gneJ207': 1, 'gneJ208': 6, 'gneJ210': 15, 'gneJ255': 4, 'gneJ257': 8}, 
58080.0, {'1863241632': -2, '2330725114': -22, '243351999': -6, '243641585': -9, '243749571': -30, '30503246': -1, '30624898': 0, '32564122': 3, '89127267': -1, '89173763': 4, '89173808': -8, 'cluster_1427494838_273472399': -6, 'cluster_1757124350_1757124352': -1, 'cluster_1863241547_1863241548_1976170214': 0, 'cluster_306484187_cluster_1200363791_1200363826_1200363834_1200363898_1200363927_1200363938_1200363947_1200364074_1200364103_1507566554_1507566556_255882157_306484190': 5, 'gneJ143': -5, 'gneJ207': 4, 'gneJ208': 3, 'gneJ210': -15, 'gneJ255': -3, 'gneJ257': -4}, {'1863241632': 3, '2330725114': 27, '243351999': 6, '243641585': 7, '243749571': 16, '30503246': 1, '30624898': 2, '32564122': 1, '89127267': 2, '89173763': 3, '89173808': 5, 'cluster_1427494838_273472399': 2, 'cluster_1757124350_1757124352': 1, 'cluster_1863241547_1863241548_1976170214': 2, 'cluster_306484187_cluster_1200363791_1200363826_1200363834_1200363898_1200363927_1200363938_1200363947_1200364074_1200364103_1507566554_1507566556_255882157_306484190': 1, 'gneJ143': 5, 'gneJ207': 1, 'gneJ208': 5, 'gneJ210': 7, 'gneJ255': 4, 'gneJ257': 6}, {'1863241632': 3, '2330725114': 27, '243351999': 7, '243641585': 10, '243749571': 30, '30503246': 1, '30624898': 3, '32564122': 3, '89127267': 4, '89173763': 4, '89173808': 9, 'cluster_1427494838_273472399': 7, 'cluster_1757124350_1757124352': 1, 'cluster_1863241547_1863241548_1976170214': 4, 'cluster_306484187_cluster_1200363791_1200363826_1200363834_1200363898_1200363927_1200363938_1200363947_1200364074_1200364103_1507566554_1507566556_255882157_306484190': 1, 'gneJ143': 5, 'gneJ207': 1, 'gneJ208': 6, 'gneJ210': 15, 'gneJ255': 4, 'gneJ257': 8}, 
58090.0, {'1863241632': -3, '2330725114': -22, '243351999': -6, '243641585': -8, '243749571': -31, '30503246': -1, '30624898': 0, '32564122': 3, '89127267': 0, '89173763': 4, '89173808': -8, 'cluster_1427494838_273472399': -7, 'cluster_1757124350_1757124352': 1, 'cluster_1863241547_1863241548_1976170214': 0, 'cluster_306484187_cluster_1200363791_1200363826_1200363834_1200363898_1200363927_1200363938_1200363947_1200364074_1200364103_1507566554_1507566556_255882157_306484190': 5, 'gneJ143': -5, 'gneJ207': 4, 'gneJ208': 3, 'gneJ210': -15, 'gneJ255': -3, 'gneJ257': -7}, {'1863241632': 4, '2330725114': 27, '243351999': 6, '243641585': 7, '243749571': 17, '30503246': 1, '30624898': 2, '32564122': 1, '89127267': 2, '89173763': 3, '89173808': 5, 'cluster_1427494838_273472399': 2, 'cluster_1757124350_1757124352': 1, 'cluster_1863241547_1863241548_1976170214': 2, 'cluster_306484187_cluster_1200363791_1200363826_1200363834_1200363898_1200363927_1200363938_1200363947_1200364074_1200364103_1507566554_1507566556_255882157_306484190': 1, 'gneJ143': 3, 'gneJ207': 1, 'gneJ208': 5, 'gneJ210': 7, 'gneJ255': 4, 'gneJ257': 6}, {'1863241632': 4, '2330725114': 27, '243351999': 7, '243641585': 10, '243749571': 31, '30503246': 1, '30624898': 3, '32564122': 3, '89127267': 4, '89173763': 4, '89173808': 9, 'cluster_1427494838_273472399': 8, 'cluster_1757124350_1757124352': 1, 'cluster_1863241547_1863241548_1976170214': 4, 'cluster_306484187_cluster_1200363791_1200363826_1200363834_1200363898_1200363927_1200363938_1200363947_1200364074_1200364103_1507566554_1507566556_255882157_306484190': 1, 'gneJ143': 5, 'gneJ207': 1, 'gneJ208': 6, 'gneJ210': 15, 'gneJ255': 4, 'gneJ257': 11}, 
58100.0, {'1863241632': -3, '2330725114': -22, '243351999': -6, '243641585': -8, '243749571': -31, '30503246': -1, '30624898': 0, '32564122': 3, '89127267': 1, '89173763': 4, '89173808': -11, 'cluster_1427494838_273472399': -8, 'cluster_1757124350_1757124352': 4, 'cluster_1863241547_1863241548_1976170214': 0, 'cluster_306484187_cluster_1200363791_1200363826_1200363834_1200363898_1200363927_1200363938_1200363947_1200364074_1200364103_1507566554_1507566556_255882157_306484190': 5, 'gneJ143': -7, 'gneJ207': 7, 'gneJ208': 3, 'gneJ210': -15, 'gneJ255': -3, 'gneJ257': -6}, {'1863241632': 4, '2330725114': 27, '243351999': 6, '243641585': 7, '243749571': 17, '30503246': 1, '30624898': 2, '32564122': 1, '89127267': 2, '89173763': 3, '89173808': 8, 'cluster_1427494838_273472399': 2, 'cluster_1757124350_1757124352': 1, 'cluster_1863241547_1863241548_1976170214': 2, 'cluster_306484187_cluster_1200363791_1200363826_1200363834_1200363898_1200363927_1200363938_1200363947_1200364074_1200364103_1507566554_1507566556_255882157_306484190': 1, 'gneJ143': 2, 'gneJ207': 1, 'gneJ208': 5, 'gneJ210': 7, 'gneJ255': 4, 'gneJ257': 6}, {'1863241632': 4, '2330725114': 27, '243351999': 7, '243641585': 10, '243749571': 31, '30503246': 1, '30624898': 3, '32564122': 3, '89127267': 5, '89173763': 4, '89173808': 12, 'cluster_1427494838_273472399': 10, 'cluster_1757124350_1757124352': 1, 'cluster_1863241547_1863241548_1976170214': 4, 'cluster_306484187_cluster_1200363791_1200363826_1200363834_1200363898_1200363927_1200363938_1200363947_1200364074_1200364103_1507566554_1507566556_255882157_306484190': 1, 'gneJ143': 7, 'gneJ207': 1, 'gneJ208': 6, 'gneJ210': 15, 'gneJ255': 4, 'gneJ257': 10}, 
58110.0, {'1863241632': -3, '2330725114': -22, '243351999': -6, '243641585': -8, '243749571': -31, '30503246': -1, '30624898': 0, '32564122': 3, '89127267': 1, '89173763': 4, '89173808': -11, 'cluster_1427494838_273472399': -8, 'cluster_1757124350_1757124352': 8, 'cluster_1863241547_1863241548_1976170214': 0, 'cluster_306484187_cluster_1200363791_1200363826_1200363834_1200363898_1200363927_1200363938_1200363947_1200364074_1200364103_1507566554_1507566556_255882157_306484190': 5, 'gneJ143': -14, 'gneJ207': 7, 'gneJ208': 2, 'gneJ210': -15, 'gneJ255': -3, 'gneJ257': -7}, {'1863241632': 4, '2330725114': 27, '243351999': 6, '243641585': 7, '243749571': 17, '30503246': 1, '30624898': 2, '32564122': 1, '89127267': 2, '89173763': 3, '89173808': 8, 'cluster_1427494838_273472399': 2, 'cluster_1757124350_1757124352': 1, 'cluster_1863241547_1863241548_1976170214': 2, 'cluster_306484187_cluster_1200363791_1200363826_1200363834_1200363898_1200363927_1200363938_1200363947_1200364074_1200364103_1507566554_1507566556_255882157_306484190': 1, 'gneJ143': 5, 'gneJ207': 1, 'gneJ208': 5, 'gneJ210': 7, 'gneJ255': 4, 'gneJ257': 6}, {'1863241632': 4, '2330725114': 27, '243351999': 7, '243641585': 10, '243749571': 31, '30503246': 1, '30624898': 3, '32564122': 3, '89127267': 5, '89173763': 4, '89173808': 12, 'cluster_1427494838_273472399': 10, 'cluster_1757124350_1757124352': 1, 'cluster_1863241547_1863241548_1976170214': 4, 'cluster_306484187_cluster_1200363791_1200363826_1200363834_1200363898_1200363927_1200363938_1200363947_1200364074_1200364103_1507566554_1507566556_255882157_306484190': 1, 'gneJ143': 14, 'gneJ207': 1, 'gneJ208': 7, 'gneJ210': 15, 'gneJ255': 4, 'gneJ257': 11}, 
58120.0, {'1863241632': -3, '2330725114': -22, '243351999': -6, '243641585': -8, '243749571': -31, '30503246': -1, '30624898': 0, '32564122': 3, '89127267': 1, '89173763': 4, '89173808': -11, 'cluster_1427494838_273472399': -8, 'cluster_1757124350_1757124352': -1, 'cluster_1863241547_1863241548_1976170214': 0, 'cluster_306484187_cluster_1200363791_1200363826_1200363834_1200363898_1200363927_1200363938_1200363947_1200364074_1200364103_1507566554_1507566556_255882157_306484190': 5, 'gneJ143': -5, 'gneJ207': 7, 'gneJ208': 2, 'gneJ210': -15, 'gneJ255': -3, 'gneJ257': -7}, {'1863241632': 4, '2330725114': 27, '243351999': 6, '243641585': 7, '243749571': 17, '30503246': 1, '30624898': 2, '32564122': 1, '89127267': 2, '89173763': 3, '89173808': 8, 'cluster_1427494838_273472399': 2, 'cluster_1757124350_1757124352': 1, 'cluster_1863241547_1863241548_1976170214': 2, 'cluster_306484187_cluster_1200363791_1200363826_1200363834_1200363898_1200363927_1200363938_1200363947_1200364074_1200364103_1507566554_1507566556_255882157_306484190': 1, 'gneJ143': 5, 'gneJ207': 1, 'gneJ208': 5, 'gneJ210': 7, 'gneJ255': 4, 'gneJ257': 6}, {'1863241632': 4, '2330725114': 27, '243351999': 7, '243641585': 10, '243749571': 31, '30503246': 1, '30624898': 3, '32564122': 3, '89127267': 5, '89173763': 4, '89173808': 12, 'cluster_1427494838_273472399': 10, 'cluster_1757124350_1757124352': 1, 'cluster_1863241547_1863241548_1976170214': 4, 'cluster_306484187_cluster_1200363791_1200363826_1200363834_1200363898_1200363927_1200363938_1200363947_1200364074_1200364103_1507566554_1507566556_255882157_306484190': 1, 'gneJ143': 5, 'gneJ207': 1, 'gneJ208': 7, 'gneJ210': 15, 'gneJ255': 4, 'gneJ257': 11}, 
58130.0, {'1863241632': -3, '2330725114': -22, '243351999': -6, '243641585': -8, '243749571': -31, '30503246': -1, '30624898': 0, '32564122': 4, '89127267': -1, '89173763': 4, '89173808': -11, 'cluster_1427494838_273472399': -7, 'cluster_1757124350_1757124352': 2, 'cluster_1863241547_1863241548_1976170214': 0, 'cluster_306484187_cluster_1200363791_1200363826_1200363834_1200363898_1200363927_1200363938_1200363947_1200364074_1200364103_1507566554_1507566556_255882157_306484190': 4, 'gneJ143': -8, 'gneJ207': 7, 'gneJ208': 2, 'gneJ210': -15, 'gneJ255': -3, 'gneJ257': -7}, {'1863241632': 4, '2330725114': 27, '243351999': 6, '243641585': 7, '243749571': 17, '30503246': 1, '30624898': 2, '32564122': 1, '89127267': 3, '89173763': 3, '89173808': 8, 'cluster_1427494838_273472399': 2, 'cluster_1757124350_1757124352': 1, 'cluster_1863241547_1863241548_1976170214': 2, 'cluster_306484187_cluster_1200363791_1200363826_1200363834_1200363898_1200363927_1200363938_1200363947_1200364074_1200364103_1507566554_1507566556_255882157_306484190': 1, 'gneJ143': 5, 'gneJ207': 1, 'gneJ208': 5, 'gneJ210': 7, 'gneJ255': 4, 'gneJ257': 6}, {'1863241632': 4, '2330725114': 27, '243351999': 7, '243641585': 10, '243749571': 31, '30503246': 1, '30624898': 4, '32564122': 3, '89127267': 7, '89173763': 4, '89173808': 12, 'cluster_1427494838_273472399': 10, 'cluster_1757124350_1757124352': 1, 'cluster_1863241547_1863241548_1976170214': 4, 'cluster_306484187_cluster_1200363791_1200363826_1200363834_1200363898_1200363927_1200363938_1200363947_1200364074_1200364103_1507566554_1507566556_255882157_306484190': 2, 'gneJ143': 8, 'gneJ207': 1, 'gneJ208': 7, 'gneJ210': 15, 'gneJ255': 4, 'gneJ257': 11}, 
58140.0, {'1863241632': -3, '2330725114': -22, '243351999': -6, '243641585': -11, '243749571': -31, '30503246': -1, '30624898': 1, '32564122': 3, '89127267': -1, '89173763': 4, '89173808': -11, 'cluster_1427494838_273472399': -7, 'cluster_1757124350_1757124352': -1, 'cluster_1863241547_1863241548_1976170214': 0, 'cluster_306484187_cluster_1200363791_1200363826_1200363834_1200363898_1200363927_1200363938_1200363947_1200364074_1200364103_1507566554_1507566556_255882157_306484190': 5, 'gneJ143': -5, 'gneJ207': 7, 'gneJ208': 2, 'gneJ210': -15, 'gneJ255': -3, 'gneJ257': -7}, {'1863241632': 4, '2330725114': 27, '243351999': 6, '243641585': 7, '243749571': 17, '30503246': 1, '30624898': 2, '32564122': 1, '89127267': 3, '89173763': 3, '89173808': 8, 'cluster_1427494838_273472399': 2, 'cluster_1757124350_1757124352': 1, 'cluster_1863241547_1863241548_1976170214': 2, 'cluster_306484187_cluster_1200363791_1200363826_1200363834_1200363898_1200363927_1200363938_1200363947_1200364074_1200364103_1507566554_1507566556_255882157_306484190': 1, 'gneJ143': 5, 'gneJ207': 1, 'gneJ208': 5, 'gneJ210': 7, 'gneJ255': 4, 'gneJ257': 6}, {'1863241632': 4, '2330725114': 27, '243351999': 7, '243641585': 13, '243749571': 31, '30503246': 1, '30624898': 3, '32564122': 3, '89127267': 7, '89173763': 4, '89173808': 12, 'cluster_1427494838_273472399': 10, 'cluster_1757124350_1757124352': 1, 'cluster_1863241547_1863241548_1976170214': 4, 'cluster_306484187_cluster_1200363791_1200363826_1200363834_1200363898_1200363927_1200363938_1200363947_1200364074_1200364103_1507566554_1507566556_255882157_306484190': 1, 'gneJ143': 5, 'gneJ207': 1, 'gneJ208': 7, 'gneJ210': 15, 'gneJ255': 4, 'gneJ257': 11}, 
58150.0, {'1863241632': -3, '2330725114': -22, '243351999': -6, '243641585': -11, '243749571': -31, '30503246': -1, '30624898': 1, '32564122': 4, '89127267': -1, '89173763': 4, '89173808': -11, 'cluster_1427494838_273472399': -7, 'cluster_1757124350_1757124352': -1, 'cluster_1863241547_1863241548_1976170214': 0, 'cluster_306484187_cluster_1200363791_1200363826_1200363834_1200363898_1200363927_1200363938_1200363947_1200364074_1200364103_1507566554_1507566556_255882157_306484190': 4, 'gneJ143': -5, 'gneJ207': 7, 'gneJ208': 1, 'gneJ210': -15, 'gneJ255': -3, 'gneJ257': -8}, {'1863241632': 4, '2330725114': 27, '243351999': 6, '243641585': 7, '243749571': 17, '30503246': 1, '30624898': 2, '32564122': 1, '89127267': 3, '89173763': 3, '89173808': 8, 'cluster_1427494838_273472399': 2, 'cluster_1757124350_1757124352': 1, 'cluster_1863241547_1863241548_1976170214': 2, 'cluster_306484187_cluster_1200363791_1200363826_1200363834_1200363898_1200363927_1200363938_1200363947_1200364074_1200364103_1507566554_1507566556_255882157_306484190': 1, 'gneJ143': 5, 'gneJ207': 1, 'gneJ208': 5, 'gneJ210': 7, 'gneJ255': 4, 'gneJ257': 6}, {'1863241632': 4, '2330725114': 27, '243351999': 7, '243641585': 13, '243749571': 31, '30503246': 1, '30624898': 3, '32564122': 3, '89127267': 7, '89173763': 4, '89173808': 12, 'cluster_1427494838_273472399': 10, 'cluster_1757124350_1757124352': 1, 'cluster_1863241547_1863241548_1976170214': 4, 'cluster_306484187_cluster_1200363791_1200363826_1200363834_1200363898_1200363927_1200363938_1200363947_1200364074_1200364103_1507566554_1507566556_255882157_306484190': 2, 'gneJ143': 5, 'gneJ207': 1, 'gneJ208': 8, 'gneJ210': 15, 'gneJ255': 4, 'gneJ257': 12}, 
58160.0, {'1863241632': -3, '2330725114': -22, '243351999': -6, '243641585': -11, '243749571': -31, '30503246': -1, '30624898': 1, '32564122': 3, '89127267': -1, '89173763': 4, '89173808': -11, 'cluster_1427494838_273472399': -7, 'cluster_1757124350_1757124352': -1, 'cluster_1863241547_1863241548_1976170214': 0, 'cluster_306484187_cluster_1200363791_1200363826_1200363834_1200363898_1200363927_1200363938_1200363947_1200364074_1200364103_1507566554_1507566556_255882157_306484190': 5, 'gneJ143': -5, 'gneJ207': 7, 'gneJ208': 1, 'gneJ210': -15, 'gneJ255': -3, 'gneJ257': -8}, {'1863241632': 4, '2330725114': 27, '243351999': 6, '243641585': 7, '243749571': 17, '30503246': 1, '30624898': 2, '32564122': 1, '89127267': 3, '89173763': 3, '89173808': 8, 'cluster_1427494838_273472399': 2, 'cluster_1757124350_1757124352': 1, 'cluster_1863241547_1863241548_1976170214': 2, 'cluster_306484187_cluster_1200363791_1200363826_1200363834_1200363898_1200363927_1200363938_1200363947_1200364074_1200364103_1507566554_1507566556_255882157_306484190': 1, 'gneJ143': 5, 'gneJ207': 1, 'gneJ208': 5, 'gneJ210': 7, 'gneJ255': 4, 'gneJ257': 6}, {'1863241632': 4, '2330725114': 27, '243351999': 7, '243641585': 13, '243749571': 31, '30503246': 1, '30624898': 3, '32564122': 3, '89127267': 7, '89173763': 4, '89173808': 12, 'cluster_1427494838_273472399': 10, 'cluster_1757124350_1757124352': 1, 'cluster_1863241547_1863241548_1976170214': 4, 'cluster_306484187_cluster_1200363791_1200363826_1200363834_1200363898_1200363927_1200363938_1200363947_1200364074_1200364103_1507566554_1507566556_255882157_306484190': 1, 'gneJ143': 5, 'gneJ207': 1, 'gneJ208': 8, 'gneJ210': 15, 'gneJ255': 4, 'gneJ257': 12}, 
58170.0, {'1863241632': -3, '2330725114': -22, '243351999': -6, '243641585': -12, '243749571': -31, '30503246': -1, '30624898': 1, '32564122': 3, '89127267': -1, '89173763': 4, '89173808': -11, 'cluster_1427494838_273472399': -7, 'cluster_1757124350_1757124352': -1, 'cluster_1863241547_1863241548_1976170214': 0, 'cluster_306484187_cluster_1200363791_1200363826_1200363834_1200363898_1200363927_1200363938_1200363947_1200364074_1200364103_1507566554_1507566556_255882157_306484190': 5, 'gneJ143': -5, 'gneJ207': 7, 'gneJ208': 1, 'gneJ210': -15, 'gneJ255': -3, 'gneJ257': -7}, {'1863241632': 4, '2330725114': 27, '243351999': 6, '243641585': 7, '243749571': 17, '30503246': 1, '30624898': 2, '32564122': 1, '89127267': 3, '89173763': 3, '89173808': 8, 'cluster_1427494838_273472399': 2, 'cluster_1757124350_1757124352': 1, 'cluster_1863241547_1863241548_1976170214': 2, 'cluster_306484187_cluster_1200363791_1200363826_1200363834_1200363898_1200363927_1200363938_1200363947_1200364074_1200364103_1507566554_1507566556_255882157_306484190': 1, 'gneJ143': 5, 'gneJ207': 1, 'gneJ208': 5, 'gneJ210': 7, 'gneJ255': 4, 'gneJ257': 6}, {'1863241632': 4, '2330725114': 27, '243351999': 7, '243641585': 14, '243749571': 31, '30503246': 1, '30624898': 3, '32564122': 3, '89127267': 7, '89173763': 4, '89173808': 12, 'cluster_1427494838_273472399': 10, 'cluster_1757124350_1757124352': 1, 'cluster_1863241547_1863241548_1976170214': 4, 'cluster_306484187_cluster_1200363791_1200363826_1200363834_1200363898_1200363927_1200363938_1200363947_1200364074_1200364103_1507566554_1507566556_255882157_306484190': 1, 'gneJ143': 5, 'gneJ207': 1, 'gneJ208': 8, 'gneJ210': 15, 'gneJ255': 4, 'gneJ257': 11}, 
58180.0, {'1863241632': -3, '2330725114': -22, '243351999': -6, '243641585': -13, '243749571': -32, '30503246': -1, '30624898': 1, '32564122': 3, '89127267': 0, '89173763': 4, '89173808': -11, 'cluster_1427494838_273472399': -8, 'cluster_1757124350_1757124352': 2, 'cluster_1863241547_1863241548_1976170214': 0, 'cluster_306484187_cluster_1200363791_1200363826_1200363834_1200363898_1200363927_1200363938_1200363947_1200364074_1200364103_1507566554_1507566556_255882157_306484190': 5, 'gneJ143': -7, 'gneJ207': 8, 'gneJ208': 1, 'gneJ210': -15, 'gneJ255': -3, 'gneJ257': -7}, {'1863241632': 4, '2330725114': 27, '243351999': 6, '243641585': 7, '243749571': 17, '30503246': 1, '30624898': 2, '32564122': 1, '89127267': 3, '89173763': 3, '89173808': 8, 'cluster_1427494838_273472399': 2, 'cluster_1757124350_1757124352': 1, 'cluster_1863241547_1863241548_1976170214': 2, 'cluster_306484187_cluster_1200363791_1200363826_1200363834_1200363898_1200363927_1200363938_1200363947_1200364074_1200364103_1507566554_1507566556_255882157_306484190': 1, 'gneJ143': 3, 'gneJ207': 1, 'gneJ208': 5, 'gneJ210': 7, 'gneJ255': 4, 'gneJ257': 6}, {'1863241632': 4, '2330725114': 27, '243351999': 7, '243641585': 15, '243749571': 32, '30503246': 1, '30624898': 3, '32564122': 3, '89127267': 7, '89173763': 4, '89173808': 12, 'cluster_1427494838_273472399': 11, 'cluster_1757124350_1757124352': 1, 'cluster_1863241547_1863241548_1976170214': 4, 'cluster_306484187_cluster_1200363791_1200363826_1200363834_1200363898_1200363927_1200363938_1200363947_1200364074_1200364103_1507566554_1507566556_255882157_306484190': 1, 'gneJ143': 7, 'gneJ207': 1, 'gneJ208': 8, 'gneJ210': 15, 'gneJ255': 4, 'gneJ257': 11}, 
58190.0, {'1863241632': -3, '2330725114': -22, '243351999': -6, '243641585': -13, '243749571': -32, '30503246': -1, '30624898': 0, '32564122': 3, '89127267': 0, '89173763': 4, '89173808': -11, 'cluster_1427494838_273472399': -8, 'cluster_1757124350_1757124352': 4, 'cluster_1863241547_1863241548_1976170214': 0, 'cluster_306484187_cluster_1200363791_1200363826_1200363834_1200363898_1200363927_1200363938_1200363947_1200364074_1200364103_1507566554_1507566556_255882157_306484190': 5, 'gneJ143': -6, 'gneJ207': 8, 'gneJ208': 1, 'gneJ210': -16, 'gneJ255': -2, 'gneJ257': -7}, {'1863241632': 4, '2330725114': 27, '243351999': 6, '243641585': 7, '243749571': 17, '30503246': 1, '30624898': 2, '32564122': 1, '89127267': 3, '89173763': 3, '89173808': 8, 'cluster_1427494838_273472399': 2, 'cluster_1757124350_1757124352': 1, 'cluster_1863241547_1863241548_1976170214': 2, 'cluster_306484187_cluster_1200363791_1200363826_1200363834_1200363898_1200363927_1200363938_1200363947_1200364074_1200364103_1507566554_1507566556_255882157_306484190': 1, 'gneJ143': 3, 'gneJ207': 1, 'gneJ208': 5, 'gneJ210': 7, 'gneJ255': 4, 'gneJ257': 6}, {'1863241632': 4, '2330725114': 27, '243351999': 7, '243641585': 15, '243749571': 32, '30503246': 1, '30624898': 4, '32564122': 3, '89127267': 7, '89173763': 4, '89173808': 12, 'cluster_1427494838_273472399': 11, 'cluster_1757124350_1757124352': 1, 'cluster_1863241547_1863241548_1976170214': 4, 'cluster_306484187_cluster_1200363791_1200363826_1200363834_1200363898_1200363927_1200363938_1200363947_1200364074_1200364103_1507566554_1507566556_255882157_306484190': 1, 'gneJ143': 6, 'gneJ207': 1, 'gneJ208': 8, 'gneJ210': 16, 'gneJ255': 4, 'gneJ257': 11}, 
58200.0, {'1863241632': -3, '2330725114': -22, '243351999': -6, '243641585': -12, '243749571': -34, '30503246': -1, '30624898': 1, '32564122': 3, '89127267': -4, '89173763': 4, '89173808': -11, 'cluster_1427494838_273472399': -4, 'cluster_1757124350_1757124352': -1, 'cluster_1863241547_1863241548_1976170214': 0, 'cluster_306484187_cluster_1200363791_1200363826_1200363834_1200363898_1200363927_1200363938_1200363947_1200364074_1200364103_1507566554_1507566556_255882157_306484190': 5, 'gneJ143': -2, 'gneJ207': 7, 'gneJ208': 1, 'gneJ210': -17, 'gneJ255': -1, 'gneJ257': -7}, {'1863241632': 4, '2330725114': 27, '243351999': 6, '243641585': 7, '243749571': 17, '30503246': 1, '30624898': 2, '32564122': 1, '89127267': 3, '89173763': 3, '89173808': 8, 'cluster_1427494838_273472399': 2, 'cluster_1757124350_1757124352': 1, 'cluster_1863241547_1863241548_1976170214': 2, 'cluster_306484187_cluster_1200363791_1200363826_1200363834_1200363898_1200363927_1200363938_1200363947_1200364074_1200364103_1507566554_1507566556_255882157_306484190': 1, 'gneJ143': 2, 'gneJ207': 1, 'gneJ208': 5, 'gneJ210': 7, 'gneJ255': 4, 'gneJ257': 6}, {'1863241632': 4, '2330725114': 27, '243351999': 7, '243641585': 14, '243749571': 34, '30503246': 1, '30624898': 3, '32564122': 3, '89127267': 7, '89173763': 4, '89173808': 12, 'cluster_1427494838_273472399': 7, 'cluster_1757124350_1757124352': 1, 'cluster_1863241547_1863241548_1976170214': 4, 'cluster_306484187_cluster_1200363791_1200363826_1200363834_1200363898_1200363927_1200363938_1200363947_1200364074_1200364103_1507566554_1507566556_255882157_306484190': 1, 'gneJ143': 2, 'gneJ207': 1, 'gneJ208': 8, 'gneJ210': 17, 'gneJ255': 4, 'gneJ257': 11}, 
58210.0, {'1863241632': -3, '2330725114': -22, '243351999': -6, '243641585': -17, '243749571': -37, '30503246': -1, '30624898': 1, '32564122': 3, '89127267': -4, '89173763': 4, '89173808': -11, 'cluster_1427494838_273472399': -4, 'cluster_1757124350_1757124352': 1, 'cluster_1863241547_1863241548_1976170214': 0, 'cluster_306484187_cluster_1200363791_1200363826_1200363834_1200363898_1200363927_1200363938_1200363947_1200364074_1200364103_1507566554_1507566556_255882157_306484190': 5, 'gneJ143': -7, 'gneJ207': 7, 'gneJ208': 2, 'gneJ210': -17, 'gneJ255': -1, 'gneJ257': -6}, {'1863241632': 4, '2330725114': 27, '243351999': 6, '243641585': 9, '243749571': 17, '30503246': 1, '30624898': 2, '32564122': 1, '89127267': 3, '89173763': 3, '89173808': 8, 'cluster_1427494838_273472399': 2, 'cluster_1757124350_1757124352': 1, 'cluster_1863241547_1863241548_1976170214': 2, 'cluster_306484187_cluster_1200363791_1200363826_1200363834_1200363898_1200363927_1200363938_1200363947_1200364074_1200364103_1507566554_1507566556_255882157_306484190': 1, 'gneJ143': 5, 'gneJ207': 1, 'gneJ208': 5, 'gneJ210': 7, 'gneJ255': 4, 'gneJ257': 6}, {'1863241632': 4, '2330725114': 27, '243351999': 7, '243641585': 19, '243749571': 37, '30503246': 1, '30624898': 3, '32564122': 3, '89127267': 7, '89173763': 4, '89173808': 12, 'cluster_1427494838_273472399': 7, 'cluster_1757124350_1757124352': 1, 'cluster_1863241547_1863241548_1976170214': 4, 'cluster_306484187_cluster_1200363791_1200363826_1200363834_1200363898_1200363927_1200363938_1200363947_1200364074_1200364103_1507566554_1507566556_255882157_306484190': 1, 'gneJ143': 7, 'gneJ207': 1, 'gneJ208': 8, 'gneJ210': 17, 'gneJ255': 4, 'gneJ257': 9}, 
58220.0, {'1863241632': -3, '2330725114': -22, '243351999': -6, '243641585': -20, '243749571': -37, '30503246': -1, '30624898': 1, '32564122': 3, '89127267': -2, '89173763': 4, '89173808': -11, 'cluster_1427494838_273472399': -6, 'cluster_1757124350_1757124352': 1, 'cluster_1863241547_1863241548_1976170214': 0, 'cluster_306484187_cluster_1200363791_1200363826_1200363834_1200363898_1200363927_1200363938_1200363947_1200364074_1200364103_1507566554_1507566556_255882157_306484190': 5, 'gneJ143': -7, 'gneJ207': 7, 'gneJ208': 1, 'gneJ210': -17, 'gneJ255': -1, 'gneJ257': -5}, {'1863241632': 4, '2330725114': 27, '243351999': 6, '243641585': 12, '243749571': 17, '30503246': 1, '30624898': 2, '32564122': 1, '89127267': 2, '89173763': 3, '89173808': 8, 'cluster_1427494838_273472399': 2, 'cluster_1757124350_1757124352': 1, 'cluster_1863241547_1863241548_1976170214': 2, 'cluster_306484187_cluster_1200363791_1200363826_1200363834_1200363898_1200363927_1200363938_1200363947_1200364074_1200364103_1507566554_1507566556_255882157_306484190': 1, 'gneJ143': 5, 'gneJ207': 1, 'gneJ208': 5, 'gneJ210': 7, 'gneJ255': 4, 'gneJ257': 6}, {'1863241632': 4, '2330725114': 27, '243351999': 7, '243641585': 22, '243749571': 37, '30503246': 1, '30624898': 3, '32564122': 3, '89127267': 5, '89173763': 4, '89173808': 12, 'cluster_1427494838_273472399': 7, 'cluster_1757124350_1757124352': 1, 'cluster_1863241547_1863241548_1976170214': 4, 'cluster_306484187_cluster_1200363791_1200363826_1200363834_1200363898_1200363927_1200363938_1200363947_1200364074_1200364103_1507566554_1507566556_255882157_306484190': 1, 'gneJ143': 7, 'gneJ207': 1, 'gneJ208': 9, 'gneJ210': 17, 'gneJ255': 4, 'gneJ257': 8}, 
58230.0, {'1863241632': -3, '2330725114': -22, '243351999': -6, '243641585': -24, '243749571': -37, '30503246': -1, '30624898': 3, '32564122': 4, '89127267': -4, '89173763': 4, '89173808': -11, 'cluster_1427494838_273472399': -7, 'cluster_1757124350_1757124352': 1, 'cluster_1863241547_1863241548_1976170214': 0, 'cluster_306484187_cluster_1200363791_1200363826_1200363834_1200363898_1200363927_1200363938_1200363947_1200364074_1200364103_1507566554_1507566556_255882157_306484190': 4, 'gneJ143': -7, 'gneJ207': 7, 'gneJ208': 1, 'gneJ210': -17, 'gneJ255': -1, 'gneJ257': -5}, {'1863241632': 4, '2330725114': 27, '243351999': 6, '243641585': 15, '243749571': 17, '30503246': 1, '30624898': 1, '32564122': 1, '89127267': 2, '89173763': 3, '89173808': 8, 'cluster_1427494838_273472399': 2, 'cluster_1757124350_1757124352': 1, 'cluster_1863241547_1863241548_1976170214': 2, 'cluster_306484187_cluster_1200363791_1200363826_1200363834_1200363898_1200363927_1200363938_1200363947_1200364074_1200364103_1507566554_1507566556_255882157_306484190': 1, 'gneJ143': 5, 'gneJ207': 1, 'gneJ208': 5, 'gneJ210': 7, 'gneJ255': 4, 'gneJ257': 6}, {'1863241632': 4, '2330725114': 27, '243351999': 7, '243641585': 26, '243749571': 37, '30503246': 1, '30624898': 1, '32564122': 3, '89127267': 4, '89173763': 4, '89173808': 12, 'cluster_1427494838_273472399': 7, 'cluster_1757124350_1757124352': 1, 'cluster_1863241547_1863241548_1976170214': 4, 'cluster_306484187_cluster_1200363791_1200363826_1200363834_1200363898_1200363927_1200363938_1200363947_1200364074_1200364103_1507566554_1507566556_255882157_306484190': 2, 'gneJ143': 7, 'gneJ207': 1, 'gneJ208': 9, 'gneJ210': 17, 'gneJ255': 4, 'gneJ257': 8}, 
58240.0, {'1863241632': -3, '2330725114': -22, '243351999': -6, '243641585': -26, '243749571': -38, '30503246': -2, '30624898': 0, '32564122': 3, '89127267': 0, '89173763': 4, '89173808': -11, 'cluster_1427494838_273472399': -7, 'cluster_1757124350_1757124352': -1, 'cluster_1863241547_1863241548_1976170214': 0, 'cluster_306484187_cluster_1200363791_1200363826_1200363834_1200363898_1200363927_1200363938_1200363947_1200364074_1200364103_1507566554_1507566556_255882157_306484190': 5, 'gneJ143': -5, 'gneJ207': 7, 'gneJ208': 1, 'gneJ210': -17, 'gneJ255': -1, 'gneJ257': -5}, {'1863241632': 4, '2330725114': 27, '243351999': 6, '243641585': 16, '243749571': 17, '30503246': 1, '30624898': 1, '32564122': 1, '89127267': 0, '89173763': 3, '89173808': 8, 'cluster_1427494838_273472399': 2, 'cluster_1757124350_1757124352': 1, 'cluster_1863241547_1863241548_1976170214': 2, 'cluster_306484187_cluster_1200363791_1200363826_1200363834_1200363898_1200363927_1200363938_1200363947_1200364074_1200364103_1507566554_1507566556_255882157_306484190': 1, 'gneJ143': 5, 'gneJ207': 1, 'gneJ208': 5, 'gneJ210': 7, 'gneJ255': 4, 'gneJ257': 6}, {'1863241632': 4, '2330725114': 27, '243351999': 7, '243641585': 28, '243749571': 38, '30503246': 2, '30624898': 1, '32564122': 3, '89127267': 0, '89173763': 4, '89173808': 12, 'cluster_1427494838_273472399': 7, 'cluster_1757124350_1757124352': 1, 'cluster_1863241547_1863241548_1976170214': 4, 'cluster_306484187_cluster_1200363791_1200363826_1200363834_1200363898_1200363927_1200363938_1200363947_1200364074_1200364103_1507566554_1507566556_255882157_306484190': 1, 'gneJ143': 5, 'gneJ207': 1, 'gneJ208': 9, 'gneJ210': 17, 'gneJ255': 4, 'gneJ257': 8}, 
58250.0, {'1863241632': -3, '2330725114': -22, '243351999': -6, '243641585': -23, '243749571': -38, '30503246': -2, '30624898': 1, '32564122': 3, '89127267': 0, '89173763': 4, '89173808': -11, 'cluster_1427494838_273472399': -7, 'cluster_1757124350_1757124352': -1, 'cluster_1863241547_1863241548_1976170214': 0, 'cluster_306484187_cluster_1200363791_1200363826_1200363834_1200363898_1200363927_1200363938_1200363947_1200364074_1200364103_1507566554_1507566556_255882157_306484190': 5, 'gneJ143': -5, 'gneJ207': 7, 'gneJ208': 1, 'gneJ210': -17, 'gneJ255': -1, 'gneJ257': -5}, {'1863241632': 4, '2330725114': 27, '243351999': 6, '243641585': 16, '243749571': 17, '30503246': 1, '30624898': 0, '32564122': 1, '89127267': 0, '89173763': 3, '89173808': 8, 'cluster_1427494838_273472399': 2, 'cluster_1757124350_1757124352': 1, 'cluster_1863241547_1863241548_1976170214': 2, 'cluster_306484187_cluster_1200363791_1200363826_1200363834_1200363898_1200363927_1200363938_1200363947_1200364074_1200364103_1507566554_1507566556_255882157_306484190': 1, 'gneJ143': 5, 'gneJ207': 1, 'gneJ208': 5, 'gneJ210': 7, 'gneJ255': 4, 'gneJ257': 6}, {'1863241632': 4, '2330725114': 27, '243351999': 7, '243641585': 25, '243749571': 38, '30503246': 2, '30624898': 0, '32564122': 3, '89127267': 0, '89173763': 4, '89173808': 12, 'cluster_1427494838_273472399': 7, 'cluster_1757124350_1757124352': 1, 'cluster_1863241547_1863241548_1976170214': 4, 'cluster_306484187_cluster_1200363791_1200363826_1200363834_1200363898_1200363927_1200363938_1200363947_1200364074_1200364103_1507566554_1507566556_255882157_306484190': 1, 'gneJ143': 5, 'gneJ207': 1, 'gneJ208': 9, 'gneJ210': 17, 'gneJ255': 4, 'gneJ257': 8}, 
58260.0, {'1863241632': -3, '2330725114': -22, '243351999': -6, '243641585': -25, '243749571': -38, '30503246': -2, '30624898': 2, '32564122': 3, '89127267': -2, '89173763': 4, '89173808': -11, 'cluster_1427494838_273472399': -7, 'cluster_1757124350_1757124352': -1, 'cluster_1863241547_1863241548_1976170214': 0, 'cluster_306484187_cluster_1200363791_1200363826_1200363834_1200363898_1200363927_1200363938_1200363947_1200364074_1200364103_1507566554_1507566556_255882157_306484190': 5, 'gneJ143': -5, 'gneJ207': 7, 'gneJ208': 1, 'gneJ210': -17, 'gneJ255': -1, 'gneJ257': -5}, {'1863241632': 4, '2330725114': 27, '243351999': 6, '243641585': 16, '243749571': 17, '30503246': 1, '30624898': 0, '32564122': 1, '89127267': 1, '89173763': 3, '89173808': 8, 'cluster_1427494838_273472399': 2, 'cluster_1757124350_1757124352': 1, 'cluster_1863241547_1863241548_1976170214': 2, 'cluster_306484187_cluster_1200363791_1200363826_1200363834_1200363898_1200363927_1200363938_1200363947_1200364074_1200364103_1507566554_1507566556_255882157_306484190': 1, 'gneJ143': 5, 'gneJ207': 1, 'gneJ208': 5, 'gneJ210': 7, 'gneJ255': 4, 'gneJ257': 6}, {'1863241632': 4, '2330725114': 27, '243351999': 7, '243641585': 27, '243749571': 38, '30503246': 2, '30624898': 0, '32564122': 3, '89127267': 2, '89173763': 4, '89173808': 12, 'cluster_1427494838_273472399': 7, 'cluster_1757124350_1757124352': 1, 'cluster_1863241547_1863241548_1976170214': 4, 'cluster_306484187_cluster_1200363791_1200363826_1200363834_1200363898_1200363927_1200363938_1200363947_1200364074_1200364103_1507566554_1507566556_255882157_306484190': 1, 'gneJ143': 5, 'gneJ207': 1, 'gneJ208': 9, 'gneJ210': 17, 'gneJ255': 4, 'gneJ257': 8}, 
58270.0, {'1863241632': -3, '2330725114': -22, '243351999': -6, '243641585': -26, '243749571': -39, '30503246': -2, '30624898': 2, '32564122': 4, '89127267': -2, '89173763': 4, '89173808': -11, 'cluster_1427494838_273472399': -7, 'cluster_1757124350_1757124352': 0, 'cluster_1863241547_1863241548_1976170214': 0, 'cluster_306484187_cluster_1200363791_1200363826_1200363834_1200363898_1200363927_1200363938_1200363947_1200364074_1200364103_1507566554_1507566556_255882157_306484190': 4, 'gneJ143': -8, 'gneJ207': 9, 'gneJ208': 1, 'gneJ210': -17, 'gneJ255': -1, 'gneJ257': -5}, {'1863241632': 4, '2330725114': 27, '243351999': 6, '243641585': 17, '243749571': 18, '30503246': 1, '30624898': 0, '32564122': 1, '89127267': 1, '89173763': 3, '89173808': 8, 'cluster_1427494838_273472399': 2, 'cluster_1757124350_1757124352': 1, 'cluster_1863241547_1863241548_1976170214': 2, 'cluster_306484187_cluster_1200363791_1200363826_1200363834_1200363898_1200363927_1200363938_1200363947_1200364074_1200364103_1507566554_1507566556_255882157_306484190': 1, 'gneJ143': 5, 'gneJ207': 1, 'gneJ208': 5, 'gneJ210': 7, 'gneJ255': 4, 'gneJ257': 6}, {'1863241632': 4, '2330725114': 27, '243351999': 7, '243641585': 28, '243749571': 39, '30503246': 2, '30624898': 0, '32564122': 3, '89127267': 2, '89173763': 4, '89173808': 12, 'cluster_1427494838_273472399': 7, 'cluster_1757124350_1757124352': 1, 'cluster_1863241547_1863241548_1976170214': 4, 'cluster_306484187_cluster_1200363791_1200363826_1200363834_1200363898_1200363927_1200363938_1200363947_1200364074_1200364103_1507566554_1507566556_255882157_306484190': 2, 'gneJ143': 8, 'gneJ207': 1, 'gneJ208': 9, 'gneJ210': 17, 'gneJ255': 4, 'gneJ257': 8}, 
58280.0, {'1863241632': -3, '2330725114': -22, '243351999': -6, '243641585': -24, '243749571': -40, '30503246': -2, '30624898': 2, '32564122': 3, '89127267': -2, '89173763': 4, '89173808': -11, 'cluster_1427494838_273472399': -7, 'cluster_1757124350_1757124352': -1, 'cluster_1863241547_1863241548_1976170214': 0, 'cluster_306484187_cluster_1200363791_1200363826_1200363834_1200363898_1200363927_1200363938_1200363947_1200364074_1200364103_1507566554_1507566556_255882157_306484190': 5, 'gneJ143': -5, 'gneJ207': 7, 'gneJ208': 1, 'gneJ210': -17, 'gneJ255': -1, 'gneJ257': -5}, {'1863241632': 4, '2330725114': 27, '243351999': 6, '243641585': 16, '243749571': 18, '30503246': 1, '30624898': 0, '32564122': 1, '89127267': 1, '89173763': 3, '89173808': 8, 'cluster_1427494838_273472399': 2, 'cluster_1757124350_1757124352': 1, 'cluster_1863241547_1863241548_1976170214': 2, 'cluster_306484187_cluster_1200363791_1200363826_1200363834_1200363898_1200363927_1200363938_1200363947_1200364074_1200364103_1507566554_1507566556_255882157_306484190': 1, 'gneJ143': 5, 'gneJ207': 1, 'gneJ208': 5, 'gneJ210': 7, 'gneJ255': 4, 'gneJ257': 6}, {'1863241632': 4, '2330725114': 27, '243351999': 7, '243641585': 26, '243749571': 40, '30503246': 2, '30624898': 0, '32564122': 3, '89127267': 2, '89173763': 4, '89173808': 12, 'cluster_1427494838_273472399': 7, 'cluster_1757124350_1757124352': 1, 'cluster_1863241547_1863241548_1976170214': 4, 'cluster_306484187_cluster_1200363791_1200363826_1200363834_1200363898_1200363927_1200363938_1200363947_1200364074_1200364103_1507566554_1507566556_255882157_306484190': 1, 'gneJ143': 5, 'gneJ207': 1, 'gneJ208': 9, 'gneJ210': 17, 'gneJ255': 4, 'gneJ257': 8}, 
58290.0, {'1863241632': -3, '2330725114': -22, '243351999': -6, '243641585': -23, '243749571': -40, '30503246': -2, '30624898': 2, '32564122': 5, '89127267': -4, '89173763': 3, '89173808': -11, 'cluster_1427494838_273472399': -7, 'cluster_1757124350_1757124352': -1, 'cluster_1863241547_1863241548_1976170214': 0, 'cluster_306484187_cluster_1200363791_1200363826_1200363834_1200363898_1200363927_1200363938_1200363947_1200364074_1200364103_1507566554_1507566556_255882157_306484190': 3, 'gneJ143': -6, 'gneJ207': 7, 'gneJ208': 1, 'gneJ210': -17, 'gneJ255': -1, 'gneJ257': -5}, {'1863241632': 4, '2330725114': 27, '243351999': 6, '243641585': 16, '243749571': 18, '30503246': 1, '30624898': 0, '32564122': 1, '89127267': 3, '89173763': 3, '89173808': 8, 'cluster_1427494838_273472399': 2, 'cluster_1757124350_1757124352': 2, 'cluster_1863241547_1863241548_1976170214': 2, 'cluster_306484187_cluster_1200363791_1200363826_1200363834_1200363898_1200363927_1200363938_1200363947_1200364074_1200364103_1507566554_1507566556_255882157_306484190': 2, 'gneJ143': 5, 'gneJ207': 1, 'gneJ208': 5, 'gneJ210': 7, 'gneJ255': 4, 'gneJ257': 6}, {'1863241632': 4, '2330725114': 27, '243351999': 7, '243641585': 25, '243749571': 40, '30503246': 2, '30624898': 0, '32564122': 3, '89127267': 4, '89173763': 5, '89173808': 12, 'cluster_1427494838_273472399': 7, 'cluster_1757124350_1757124352': 2, 'cluster_1863241547_1863241548_1976170214': 4, 'cluster_306484187_cluster_1200363791_1200363826_1200363834_1200363898_1200363927_1200363938_1200363947_1200364074_1200364103_1507566554_1507566556_255882157_306484190': 3, 'gneJ143': 6, 'gneJ207': 1, 'gneJ208': 9, 'gneJ210': 17, 'gneJ255': 4, 'gneJ257': 8}, 
58300.0, {'1863241632': -3, '2330725114': -22, '243351999': -6, '243641585': -23, '243749571': -34, '30503246': -2, '30624898': 2, '32564122': 5, '89127267': -4, '89173763': 3, '89173808': -11, 'cluster_1427494838_273472399': -7, 'cluster_1757124350_1757124352': -2, 'cluster_1863241547_1863241548_1976170214': 0, 'cluster_306484187_cluster_1200363791_1200363826_1200363834_1200363898_1200363927_1200363938_1200363947_1200364074_1200364103_1507566554_1507566556_255882157_306484190': 3, 'gneJ143': -5, 'gneJ207': 7, 'gneJ208': -2, 'gneJ210': -17, 'gneJ255': -1, 'gneJ257': -5}, {'1863241632': 4, '2330725114': 27, '243351999': 6, '243641585': 16, '243749571': 16, '30503246': 1, '30624898': 0, '32564122': 1, '89127267': 3, '89173763': 3, '89173808': 8, 'cluster_1427494838_273472399': 2, 'cluster_1757124350_1757124352': 2, 'cluster_1863241547_1863241548_1976170214': 2, 'cluster_306484187_cluster_1200363791_1200363826_1200363834_1200363898_1200363927_1200363938_1200363947_1200364074_1200364103_1507566554_1507566556_255882157_306484190': 2, 'gneJ143': 5, 'gneJ207': 1, 'gneJ208': 5, 'gneJ210': 7, 'gneJ255': 4, 'gneJ257': 6}, {'1863241632': 4, '2330725114': 27, '243351999': 7, '243641585': 25, '243749571': 34, '30503246': 2, '30624898': 0, '32564122': 3, '89127267': 4, '89173763': 5, '89173808': 12, 'cluster_1427494838_273472399': 7, 'cluster_1757124350_1757124352': 2, 'cluster_1863241547_1863241548_1976170214': 4, 'cluster_306484187_cluster_1200363791_1200363826_1200363834_1200363898_1200363927_1200363938_1200363947_1200364074_1200364103_1507566554_1507566556_255882157_306484190': 3, 'gneJ143': 5, 'gneJ207': 1, 'gneJ208': 9, 'gneJ210': 17, 'gneJ255': 4, 'gneJ257': 8}, 
58310.0, {'1863241632': -3, '2330725114': -22, '243351999': -6, '243641585': -24, '243749571': -34, '30503246': -2, '30624898': 2, '32564122': 5, '89127267': -6, '89173763': 3, '89173808': -11, 'cluster_1427494838_273472399': -7, 'cluster_1757124350_1757124352': 0, 'cluster_1863241547_1863241548_1976170214': 0, 'cluster_306484187_cluster_1200363791_1200363826_1200363834_1200363898_1200363927_1200363938_1200363947_1200364074_1200364103_1507566554_1507566556_255882157_306484190': 3, 'gneJ143': -5, 'gneJ207': 7, 'gneJ208': -2, 'gneJ210': -18, 'gneJ255': 0, 'gneJ257': -5}, {'1863241632': 4, '2330725114': 27, '243351999': 6, '243641585': 17, '243749571': 16, '30503246': 1, '30624898': 0, '32564122': 1, '89127267': 5, '89173763': 3, '89173808': 8, 'cluster_1427494838_273472399': 2, 'cluster_1757124350_1757124352': 2, 'cluster_1863241547_1863241548_1976170214': 2, 'cluster_306484187_cluster_1200363791_1200363826_1200363834_1200363898_1200363927_1200363938_1200363947_1200364074_1200364103_1507566554_1507566556_255882157_306484190': 2, 'gneJ143': 3, 'gneJ207': 1, 'gneJ208': 5, 'gneJ210': 7, 'gneJ255': 4, 'gneJ257': 6}, {'1863241632': 4, '2330725114': 27, '243351999': 7, '243641585': 26, '243749571': 34, '30503246': 2, '30624898': 0, '32564122': 3, '89127267': 6, '89173763': 5, '89173808': 12, 'cluster_1427494838_273472399': 7, 'cluster_1757124350_1757124352': 2, 'cluster_1863241547_1863241548_1976170214': 4, 'cluster_306484187_cluster_1200363791_1200363826_1200363834_1200363898_1200363927_1200363938_1200363947_1200364074_1200364103_1507566554_1507566556_255882157_306484190': 3, 'gneJ143': 5, 'gneJ207': 1, 'gneJ208': 9, 'gneJ210': 18, 'gneJ255': 4, 'gneJ257': 8}, 
58320.0, {'1863241632': -3, '2330725114': -22, '243351999': -6, '243641585': -25, '243749571': -34, '30503246': -2, '30624898': 2, '32564122': 5, '89127267': -6, '89173763': 3, '89173808': -11, 'cluster_1427494838_273472399': -7, 'cluster_1757124350_1757124352': 1, 'cluster_1863241547_1863241548_1976170214': 0, 'cluster_306484187_cluster_1200363791_1200363826_1200363834_1200363898_1200363927_1200363938_1200363947_1200364074_1200364103_1507566554_1507566556_255882157_306484190': 3, 'gneJ143': -8, 'gneJ207': 12, 'gneJ208': -2, 'gneJ210': -18, 'gneJ255': 0, 'gneJ257': -5}, {'1863241632': 4, '2330725114': 27, '243351999': 6, '243641585': 18, '243749571': 16, '30503246': 1, '30624898': 0, '32564122': 1, '89127267': 5, '89173763': 3, '89173808': 8, 'cluster_1427494838_273472399': 2, 'cluster_1757124350_1757124352': 2, 'cluster_1863241547_1863241548_1976170214': 2, 'cluster_306484187_cluster_1200363791_1200363826_1200363834_1200363898_1200363927_1200363938_1200363947_1200364074_1200364103_1507566554_1507566556_255882157_306484190': 2, 'gneJ143': 2, 'gneJ207': 1, 'gneJ208': 5, 'gneJ210': 7, 'gneJ255': 4, 'gneJ257': 6}, {'1863241632': 4, '2330725114': 27, '243351999': 7, '243641585': 27, '243749571': 34, '30503246': 2, '30624898': 0, '32564122': 3, '89127267': 6, '89173763': 5, '89173808': 12, 'cluster_1427494838_273472399': 7, 'cluster_1757124350_1757124352': 2, 'cluster_1863241547_1863241548_1976170214': 4, 'cluster_306484187_cluster_1200363791_1200363826_1200363834_1200363898_1200363927_1200363938_1200363947_1200364074_1200364103_1507566554_1507566556_255882157_306484190': 3, 'gneJ143': 8, 'gneJ207': 1, 'gneJ208': 9, 'gneJ210': 18, 'gneJ255': 4, 'gneJ257': 8}, 
58330.0, {'1863241632': -4, '2330725114': -22, '243351999': -2, '243641585': -25, '243749571': -34, '30503246': -2, '30624898': 4, '32564122': 5, '89127267': -8, '89173763': -1, '89173808': -11, 'cluster_1427494838_273472399': -7, 'cluster_1757124350_1757124352': -2, 'cluster_1863241547_1863241548_1976170214': 4, 'cluster_306484187_cluster_1200363791_1200363826_1200363834_1200363898_1200363927_1200363938_1200363947_1200364074_1200364103_1507566554_1507566556_255882157_306484190': 0, 'gneJ143': -2, 'gneJ207': 7, 'gneJ208': -2, 'gneJ210': -18, 'gneJ255': 0, 'gneJ257': -5}, {'1863241632': 4, '2330725114': 27, '243351999': 3, '243641585': 18, '243749571': 16, '30503246': 1, '30624898': 0, '32564122': 1, '89127267': 5, '89173763': 3, '89173808': 8, 'cluster_1427494838_273472399': 2, 'cluster_1757124350_1757124352': 2, 'cluster_1863241547_1863241548_1976170214': 0, 'cluster_306484187_cluster_1200363791_1200363826_1200363834_1200363898_1200363927_1200363938_1200363947_1200364074_1200364103_1507566554_1507566556_255882157_306484190': 2, 'gneJ143': 2, 'gneJ207': 1, 'gneJ208': 5, 'gneJ210': 7, 'gneJ255': 4, 'gneJ257': 6}, {'1863241632': 4, '2330725114': 27, '243351999': 3, '243641585': 27, '243749571': 34, '30503246': 2, '30624898': 0, '32564122': 3, '89127267': 8, '89173763': 5, '89173808': 12, 'cluster_1427494838_273472399': 7, 'cluster_1757124350_1757124352': 2, 'cluster_1863241547_1863241548_1976170214': 0, 'cluster_306484187_cluster_1200363791_1200363826_1200363834_1200363898_1200363927_1200363938_1200363947_1200364074_1200364103_1507566554_1507566556_255882157_306484190': 3, 'gneJ143': 2, 'gneJ207': 1, 'gneJ208': 9, 'gneJ210': 18, 'gneJ255': 4, 'gneJ257': 8}, 
58340.0, {'1863241632': -4, '2330725114': -22, '243351999': -4, '243641585': -25, '243749571': -34, '30503246': -2, '30624898': 4, '32564122': 5, '89127267': -9, '89173763': 1, '89173808': -11, 'cluster_1427494838_273472399': -7, 'cluster_1757124350_1757124352': -2, 'cluster_1863241547_1863241548_1976170214': 1, 'cluster_306484187_cluster_1200363791_1200363826_1200363834_1200363898_1200363927_1200363938_1200363947_1200364074_1200364103_1507566554_1507566556_255882157_306484190': 1, 'gneJ143': -4, 'gneJ207': 7, 'gneJ208': -2, 'gneJ210': -18, 'gneJ255': 0, 'gneJ257': -5}, {'1863241632': 4, '2330725114': 27, '243351999': 4, '243641585': 18, '243749571': 16, '30503246': 1, '30624898': 1, '32564122': 1, '89127267': 5, '89173763': 3, '89173808': 8, 'cluster_1427494838_273472399': 2, 'cluster_1757124350_1757124352': 2, 'cluster_1863241547_1863241548_1976170214': 2, 'cluster_306484187_cluster_1200363791_1200363826_1200363834_1200363898_1200363927_1200363938_1200363947_1200364074_1200364103_1507566554_1507566556_255882157_306484190': 2, 'gneJ143': 4, 'gneJ207': 1, 'gneJ208': 5, 'gneJ210': 7, 'gneJ255': 4, 'gneJ257': 6}, {'1863241632': 4, '2330725114': 27, '243351999': 5, '243641585': 27, '243749571': 34, '30503246': 2, '30624898': 1, '32564122': 3, '89127267': 9, '89173763': 5, '89173808': 12, 'cluster_1427494838_273472399': 7, 'cluster_1757124350_1757124352': 2, 'cluster_1863241547_1863241548_1976170214': 3, 'cluster_306484187_cluster_1200363791_1200363826_1200363834_1200363898_1200363927_1200363938_1200363947_1200364074_1200364103_1507566554_1507566556_255882157_306484190': 3, 'gneJ143': 4, 'gneJ207': 1, 'gneJ208': 9, 'gneJ210': 18, 'gneJ255': 4, 'gneJ257': 8}, 
58350.0, {'1863241632': -5, '2330725114': -22, '243351999': -5, '243641585': -28, '243749571': -35, '30503246': -2, '30624898': 4, '32564122': 5, '89127267': -9, '89173763': 1, '89173808': -11, 'cluster_1427494838_273472399': -7, 'cluster_1757124350_1757124352': -2, 'cluster_1863241547_1863241548_1976170214': -1, 'cluster_306484187_cluster_1200363791_1200363826_1200363834_1200363898_1200363927_1200363938_1200363947_1200364074_1200364103_1507566554_1507566556_255882157_306484190': 3, 'gneJ143': -5, 'gneJ207': 7, 'gneJ208': -2, 'gneJ210': -18, 'gneJ255': 0, 'gneJ257': -3}, {'1863241632': 5, '2330725114': 27, '243351999': 6, '243641585': 19, '243749571': 16, '30503246': 1, '30624898': 1, '32564122': 1, '89127267': 5, '89173763': 3, '89173808': 8, 'cluster_1427494838_273472399': 2, 'cluster_1757124350_1757124352': 2, 'cluster_1863241547_1863241548_1976170214': 2, 'cluster_306484187_cluster_1200363791_1200363826_1200363834_1200363898_1200363927_1200363938_1200363947_1200364074_1200364103_1507566554_1507566556_255882157_306484190': 2, 'gneJ143': 5, 'gneJ207': 1, 'gneJ208': 5, 'gneJ210': 7, 'gneJ255': 4, 'gneJ257': 6}, {'1863241632': 5, '2330725114': 27, '243351999': 6, '243641585': 30, '243749571': 35, '30503246': 2, '30624898': 1, '32564122': 3, '89127267': 9, '89173763': 5, '89173808': 12, 'cluster_1427494838_273472399': 7, 'cluster_1757124350_1757124352': 2, 'cluster_1863241547_1863241548_1976170214': 5, 'cluster_306484187_cluster_1200363791_1200363826_1200363834_1200363898_1200363927_1200363938_1200363947_1200364074_1200364103_1507566554_1507566556_255882157_306484190': 3, 'gneJ143': 5, 'gneJ207': 1, 'gneJ208': 9, 'gneJ210': 18, 'gneJ255': 4, 'gneJ257': 8}, 
58360.0, {'1863241632': -4, '2330725114': -23, '243351999': -5, '243641585': -30, '243749571': -36, '30503246': -2, '30624898': 4, '32564122': 5, '89127267': -7, '89173763': 1, '89173808': -11, 'cluster_1427494838_273472399': -7, 'cluster_1757124350_1757124352': -2, 'cluster_1863241547_1863241548_1976170214': -3, 'cluster_306484187_cluster_1200363791_1200363826_1200363834_1200363898_1200363927_1200363938_1200363947_1200364074_1200364103_1507566554_1507566556_255882157_306484190': 3, 'gneJ143': -5, 'gneJ207': 7, 'gneJ208': -2, 'gneJ210': -19, 'gneJ255': 1, 'gneJ257': -3}, {'1863241632': 5, '2330725114': 27, '243351999': 6, '243641585': 21, '243749571': 16, '30503246': 1, '30624898': 1, '32564122': 1, '89127267': 3, '89173763': 4, '89173808': 8, 'cluster_1427494838_273472399': 2, 'cluster_1757124350_1757124352': 2, 'cluster_1863241547_1863241548_1976170214': 3, 'cluster_306484187_cluster_1200363791_1200363826_1200363834_1200363898_1200363927_1200363938_1200363947_1200364074_1200364103_1507566554_1507566556_255882157_306484190': 2, 'gneJ143': 5, 'gneJ207': 1, 'gneJ208': 5, 'gneJ210': 7, 'gneJ255': 4, 'gneJ257': 6}, {'1863241632': 5, '2330725114': 28, '243351999': 6, '243641585': 32, '243749571': 36, '30503246': 2, '30624898': 1, '32564122': 3, '89127267': 7, '89173763': 6, '89173808': 12, 'cluster_1427494838_273472399': 7, 'cluster_1757124350_1757124352': 2, 'cluster_1863241547_1863241548_1976170214': 8, 'cluster_306484187_cluster_1200363791_1200363826_1200363834_1200363898_1200363927_1200363938_1200363947_1200364074_1200364103_1507566554_1507566556_255882157_306484190': 3, 'gneJ143': 5, 'gneJ207': 1, 'gneJ208': 9, 'gneJ210': 19, 'gneJ255': 4, 'gneJ257': 8}, 
58370.0, {'1863241632': -3, '2330725114': -24, '243351999': -5, '243641585': -31, '243749571': -36, '30503246': -2, '30624898': 4, '32564122': 5, '89127267': -6, '89173763': 1, '89173808': -11, 'cluster_1427494838_273472399': -7, 'cluster_1757124350_1757124352': -2, 'cluster_1863241547_1863241548_1976170214': -1, 'cluster_306484187_cluster_1200363791_1200363826_1200363834_1200363898_1200363927_1200363938_1200363947_1200364074_1200364103_1507566554_1507566556_255882157_306484190': 3, 'gneJ143': -5, 'gneJ207': 7, 'gneJ208': -2, 'gneJ210': -19, 'gneJ255': 1, 'gneJ257': -3}, {'1863241632': 5, '2330725114': 27, '243351999': 6, '243641585': 22, '243749571': 16, '30503246': 1, '30624898': 1, '32564122': 1, '89127267': 2, '89173763': 5, '89173808': 8, 'cluster_1427494838_273472399': 2, 'cluster_1757124350_1757124352': 2, 'cluster_1863241547_1863241548_1976170214': 3, 'cluster_306484187_cluster_1200363791_1200363826_1200363834_1200363898_1200363927_1200363938_1200363947_1200364074_1200364103_1507566554_1507566556_255882157_306484190': 2, 'gneJ143': 5, 'gneJ207': 1, 'gneJ208': 5, 'gneJ210': 7, 'gneJ255': 4, 'gneJ257': 6}, {'1863241632': 5, '2330725114': 29, '243351999': 6, '243641585': 33, '243749571': 36, '30503246': 2, '30624898': 1, '32564122': 3, '89127267': 6, '89173763': 8, '89173808': 12, 'cluster_1427494838_273472399': 7, 'cluster_1757124350_1757124352': 2, 'cluster_1863241547_1863241548_1976170214': 8, 'cluster_306484187_cluster_1200363791_1200363826_1200363834_1200363898_1200363927_1200363938_1200363947_1200364074_1200364103_1507566554_1507566556_255882157_306484190': 3, 'gneJ143': 5, 'gneJ207': 1, 'gneJ208': 9, 'gneJ210': 19, 'gneJ255': 4, 'gneJ257': 8}, 
58380.0, {'1863241632': -3, '2330725114': -24, '243351999': -2, '243641585': -30, '243749571': -30, '30503246': -2, '30624898': 4, '32564122': 5, '89127267': -5, '89173763': 1, '89173808': -11, 'cluster_1427494838_273472399': -6, 'cluster_1757124350_1757124352': -2, 'cluster_1863241547_1863241548_1976170214': -1, 'cluster_306484187_cluster_1200363791_1200363826_1200363834_1200363898_1200363927_1200363938_1200363947_1200364074_1200364103_1507566554_1507566556_255882157_306484190': 0, 'gneJ143': -6, 'gneJ207': 10, 'gneJ208': -6, 'gneJ210': -19, 'gneJ255': 1, 'gneJ257': -3}, {'1863241632': 5, '2330725114': 27, '243351999': 3, '243641585': 20, '243749571': 15, '30503246': 1, '30624898': 1, '32564122': 1, '89127267': 2, '89173763': 5, '89173808': 8, 'cluster_1427494838_273472399': 2, 'cluster_1757124350_1757124352': 2, 'cluster_1863241547_1863241548_1976170214': 3, 'cluster_306484187_cluster_1200363791_1200363826_1200363834_1200363898_1200363927_1200363938_1200363947_1200364074_1200364103_1507566554_1507566556_255882157_306484190': 2, 'gneJ143': 3, 'gneJ207': 1, 'gneJ208': 5, 'gneJ210': 7, 'gneJ255': 4, 'gneJ257': 6}, {'1863241632': 5, '2330725114': 29, '243351999': 3, '243641585': 32, '243749571': 30, '30503246': 2, '30624898': 1, '32564122': 3, '89127267': 5, '89173763': 8, '89173808': 12, 'cluster_1427494838_273472399': 7, 'cluster_1757124350_1757124352': 2, 'cluster_1863241547_1863241548_1976170214': 8, 'cluster_306484187_cluster_1200363791_1200363826_1200363834_1200363898_1200363927_1200363938_1200363947_1200364074_1200364103_1507566554_1507566556_255882157_306484190': 3, 'gneJ143': 6, 'gneJ207': 1, 'gneJ208': 10, 'gneJ210': 19, 'gneJ255': 4, 'gneJ257': 8}, 
58390.0, {'1863241632': -3, '2330725114': -24, '243351999': -3, '243641585': -31, '243749571': -29, '30503246': -2, '30624898': 3, '32564122': 5, '89127267': -5, '89173763': 1, '89173808': -11, 'cluster_1427494838_273472399': -6, 'cluster_1757124350_1757124352': -2, 'cluster_1863241547_1863241548_1976170214': 4, 'cluster_306484187_cluster_1200363791_1200363826_1200363834_1200363898_1200363927_1200363938_1200363947_1200364074_1200364103_1507566554_1507566556_255882157_306484190': 0, 'gneJ143': -3, 'gneJ207': 7, 'gneJ208': -1, 'gneJ210': -20, 'gneJ255': 2, 'gneJ257': -3}, {'1863241632': 5, '2330725114': 27, '243351999': 3, '243641585': 22, '243749571': 15, '30503246': 1, '30624898': 1, '32564122': 1, '89127267': 2, '89173763': 5, '89173808': 8, 'cluster_1427494838_273472399': 2, 'cluster_1757124350_1757124352': 2, 'cluster_1863241547_1863241548_1976170214': 2, 'cluster_306484187_cluster_1200363791_1200363826_1200363834_1200363898_1200363927_1200363938_1200363947_1200364074_1200364103_1507566554_1507566556_255882157_306484190': 2, 'gneJ143': 3, 'gneJ207': 1, 'gneJ208': 5, 'gneJ210': 7, 'gneJ255': 4, 'gneJ257': 6}, {'1863241632': 5, '2330725114': 29, '243351999': 4, '243641585': 33, '243749571': 29, '30503246': 2, '30624898': 2, '32564122': 3, '89127267': 5, '89173763': 8, '89173808': 12, 'cluster_1427494838_273472399': 7, 'cluster_1757124350_1757124352': 2, 'cluster_1863241547_1863241548_1976170214': 3, 'cluster_306484187_cluster_1200363791_1200363826_1200363834_1200363898_1200363927_1200363938_1200363947_1200364074_1200364103_1507566554_1507566556_255882157_306484190': 3, 'gneJ143': 3, 'gneJ207': 1, 'gneJ208': 5, 'gneJ210': 20, 'gneJ255': 4, 'gneJ257': 8}, 
58400.0, {'1863241632': -3, '2330725114': -27, '243351999': -6, '243641585': -31, '243749571': -29, '30503246': -2, '30624898': 3, '32564122': 5, '89127267': -2, '89173763': 1, '89173808': -11, 'cluster_1427494838_273472399': -9, 'cluster_1757124350_1757124352': -2, 'cluster_1863241547_1863241548_1976170214': 3, 'cluster_306484187_cluster_1200363791_1200363826_1200363834_1200363898_1200363927_1200363938_1200363947_1200364074_1200364103_1507566554_1507566556_255882157_306484190': 3, 'gneJ143': -5, 'gneJ207': 7, 'gneJ208': 0, 'gneJ210': -20, 'gneJ255': 2, 'gneJ257': -3}, {'1863241632': 5, '2330725114': 27, '243351999': 6, '243641585': 22, '243749571': 15, '30503246': 1, '30624898': 1, '32564122': 1, '89127267': 2, '89173763': 5, '89173808': 8, 'cluster_1427494838_273472399': 2, 'cluster_1757124350_1757124352': 2, 'cluster_1863241547_1863241548_1976170214': 2, 'cluster_306484187_cluster_1200363791_1200363826_1200363834_1200363898_1200363927_1200363938_1200363947_1200364074_1200364103_1507566554_1507566556_255882157_306484190': 2, 'gneJ143': 5, 'gneJ207': 1, 'gneJ208': 2, 'gneJ210': 7, 'gneJ255': 4, 'gneJ257': 6}, {'1863241632': 5, '2330725114': 29, '243351999': 7, '243641585': 33, '243749571': 31, '30503246': 2, '30624898': 2, '32564122': 3, '89127267': 5, '89173763': 8, '89173808': 12, 'cluster_1427494838_273472399': 10, 'cluster_1757124350_1757124352': 2, 'cluster_1863241547_1863241548_1976170214': 4, 'cluster_306484187_cluster_1200363791_1200363826_1200363834_1200363898_1200363927_1200363938_1200363947_1200364074_1200364103_1507566554_1507566556_255882157_306484190': 3, 'gneJ143': 5, 'gneJ207': 1, 'gneJ208': 4, 'gneJ210': 20, 'gneJ255': 4, 'gneJ257': 8}, 
58410.0, {'1863241632': -5, '2330725114': -26, '243351999': -6, '243641585': -32, '243749571': -31, '30503246': -2, '30624898': 3, '32564122': 5, '89127267': -2, '89173763': 1, '89173808': -11, 'cluster_1427494838_273472399': -9, 'cluster_1757124350_1757124352': -2, 'cluster_1863241547_1863241548_1976170214': 5, 'cluster_306484187_cluster_1200363791_1200363826_1200363834_1200363898_1200363927_1200363938_1200363947_1200364074_1200364103_1507566554_1507566556_255882157_306484190': 3, 'gneJ143': -6, 'gneJ207': 8, 'gneJ208': 6, 'gneJ210': -22, 'gneJ255': 4, 'gneJ257': -3}, {'1863241632': 5, '2330725114': 24, '243351999': 6, '243641585': 22, '243749571': 15, '30503246': 1, '30624898': 1, '32564122': 1, '89127267': 2, '89173763': 5, '89173808': 8, 'cluster_1427494838_273472399': 2, 'cluster_1757124350_1757124352': 2, 'cluster_1863241547_1863241548_1976170214': 2, 'cluster_306484187_cluster_1200363791_1200363826_1200363834_1200363898_1200363927_1200363938_1200363947_1200364074_1200364103_1507566554_1507566556_255882157_306484190': 2, 'gneJ143': 5, 'gneJ207': 1, 'gneJ208': 1, 'gneJ210': 7, 'gneJ255': 4, 'gneJ257': 6}, {'1863241632': 5, '2330725114': 26, '243351999': 7, '243641585': 34, '243749571': 33, '30503246': 2, '30624898': 2, '32564122': 3, '89127267': 5, '89173763': 8, '89173808': 12, 'cluster_1427494838_273472399': 10, 'cluster_1757124350_1757124352': 2, 'cluster_1863241547_1863241548_1976170214': 2, 'cluster_306484187_cluster_1200363791_1200363826_1200363834_1200363898_1200363927_1200363938_1200363947_1200364074_1200364103_1507566554_1507566556_255882157_306484190': 3, 'gneJ143': 6, 'gneJ207': 1, 'gneJ208': 2, 'gneJ210': 22, 'gneJ255': 4, 'gneJ257': 8}, 
58420.0, {'1863241632': -5, '2330725114': -17, '243351999': -6, '243641585': -37, '243749571': -38, '30503246': -2, '30624898': 3, '32564122': 5, '89127267': 2, '89173763': 1, '89173808': -11, 'cluster_1427494838_273472399': -13, 'cluster_1757124350_1757124352': -3, 'cluster_1863241547_1863241548_1976170214': 5, 'cluster_306484187_cluster_1200363791_1200363826_1200363834_1200363898_1200363927_1200363938_1200363947_1200364074_1200364103_1507566554_1507566556_255882157_306484190': 3, 'gneJ143': -5, 'gneJ207': 7, 'gneJ208': 9, 'gneJ210': -22, 'gneJ255': 4, 'gneJ257': -3}, {'1863241632': 5, '2330725114': 19, '243351999': 6, '243641585': 22, '243749571': 15, '30503246': 1, '30624898': 1, '32564122': 1, '89127267': 2, '89173763': 5, '89173808': 8, 'cluster_1427494838_273472399': 3, 'cluster_1757124350_1757124352': 3, 'cluster_1863241547_1863241548_1976170214': 2, 'cluster_306484187_cluster_1200363791_1200363826_1200363834_1200363898_1200363927_1200363938_1200363947_1200364074_1200364103_1507566554_1507566556_255882157_306484190': 2, 'gneJ143': 5, 'gneJ207': 1, 'gneJ208': 4, 'gneJ210': 7, 'gneJ255': 4, 'gneJ257': 6}, {'1863241632': 5, '2330725114': 21, '243351999': 7, '243641585': 39, '243749571': 38, '30503246': 2, '30624898': 2, '32564122': 3, '89127267': 4, '89173763': 8, '89173808': 12, 'cluster_1427494838_273472399': 13, 'cluster_1757124350_1757124352': 3, 'cluster_1863241547_1863241548_1976170214': 2, 'cluster_306484187_cluster_1200363791_1200363826_1200363834_1200363898_1200363927_1200363938_1200363947_1200364074_1200364103_1507566554_1507566556_255882157_306484190': 3, 'gneJ143': 5, 'gneJ207': 1, 'gneJ208': 4, 'gneJ210': 22, 'gneJ255': 4, 'gneJ257': 8}, 
58430.0, {'1863241632': -5, '2330725114': -10, '243351999': -6, '243641585': -39, '243749571': -42, '30503246': -2, '30624898': 3, '32564122': 5, '89127267': -4, '89173763': 1, '89173808': -11, 'cluster_1427494838_273472399': -7, 'cluster_1757124350_1757124352': -3, 'cluster_1863241547_1863241548_1976170214': 5, 'cluster_306484187_cluster_1200363791_1200363826_1200363834_1200363898_1200363927_1200363938_1200363947_1200364074_1200364103_1507566554_1507566556_255882157_306484190': 3, 'gneJ143': -5, 'gneJ207': 7, 'gneJ208': 12, 'gneJ210': -22, 'gneJ255': 4, 'gneJ257': -3}, {'1863241632': 5, '2330725114': 12, '243351999': 6, '243641585': 22, '243749571': 15, '30503246': 1, '30624898': 1, '32564122': 1, '89127267': 2, '89173763': 5, '89173808': 8, 'cluster_1427494838_273472399': 2, 'cluster_1757124350_1757124352': 3, 'cluster_1863241547_1863241548_1976170214': 2, 'cluster_306484187_cluster_1200363791_1200363826_1200363834_1200363898_1200363927_1200363938_1200363947_1200364074_1200364103_1507566554_1507566556_255882157_306484190': 2, 'gneJ143': 5, 'gneJ207': 1, 'gneJ208': 5, 'gneJ210': 7, 'gneJ255': 4, 'gneJ257': 6}, {'1863241632': 5, '2330725114': 15, '243351999': 7, '243641585': 41, '243749571': 42, '30503246': 2, '30624898': 2, '32564122': 3, '89127267': 4, '89173763': 8, '89173808': 12, 'cluster_1427494838_273472399': 7, 'cluster_1757124350_1757124352': 3, 'cluster_1863241547_1863241548_1976170214': 2, 'cluster_306484187_cluster_1200363791_1200363826_1200363834_1200363898_1200363927_1200363938_1200363947_1200364074_1200364103_1507566554_1507566556_255882157_306484190': 3, 'gneJ143': 5, 'gneJ207': 1, 'gneJ208': 5, 'gneJ210': 22, 'gneJ255': 4, 'gneJ257': 8}, 
58440.0, {'1863241632': -5, '2330725114': -8, '243351999': -6, '243641585': -43, '243749571': -42, '30503246': -2, '30624898': 3, '32564122': 5, '89127267': -4, '89173763': 1, '89173808': -11, 'cluster_1427494838_273472399': -7, 'cluster_1757124350_1757124352': -3, 'cluster_1863241547_1863241548_1976170214': 4, 'cluster_306484187_cluster_1200363791_1200363826_1200363834_1200363898_1200363927_1200363938_1200363947_1200364074_1200364103_1507566554_1507566556_255882157_306484190': 3, 'gneJ143': -5, 'gneJ207': 7, 'gneJ208': 15, 'gneJ210': -22, 'gneJ255': 4, 'gneJ257': -3}, {'1863241632': 5, '2330725114': 8, '243351999': 6, '243641585': 22, '243749571': 15, '30503246': 1, '30624898': 1, '32564122': 1, '89127267': 2, '89173763': 5, '89173808': 8, 'cluster_1427494838_273472399': 2, 'cluster_1757124350_1757124352': 3, 'cluster_1863241547_1863241548_1976170214': 2, 'cluster_306484187_cluster_1200363791_1200363826_1200363834_1200363898_1200363927_1200363938_1200363947_1200364074_1200364103_1507566554_1507566556_255882157_306484190': 2, 'gneJ143': 5, 'gneJ207': 1, 'gneJ208': 2, 'gneJ210': 7, 'gneJ255': 4, 'gneJ257': 6}, {'1863241632': 5, '2330725114': 10, '243351999': 7, '243641585': 45, '243749571': 42, '30503246': 2, '30624898': 2, '32564122': 3, '89127267': 4, '89173763': 8, '89173808': 12, 'cluster_1427494838_273472399': 7, 'cluster_1757124350_1757124352': 3, 'cluster_1863241547_1863241548_1976170214': 3, 'cluster_306484187_cluster_1200363791_1200363826_1200363834_1200363898_1200363927_1200363938_1200363947_1200364074_1200364103_1507566554_1507566556_255882157_306484190': 3, 'gneJ143': 5, 'gneJ207': 1, 'gneJ208': 2, 'gneJ210': 22, 'gneJ255': 4, 'gneJ257': 8}, 
58450.0, {'1863241632': -4, '2330725114': -7, '243351999': -6, '243641585': -44, '243749571': -42, '30503246': -2, '30624898': 3, '32564122': 5, '89127267': -5, '89173763': 1, '89173808': -11, 'cluster_1427494838_273472399': -7, 'cluster_1757124350_1757124352': -3, 'cluster_1863241547_1863241548_1976170214': 3, 'cluster_306484187_cluster_1200363791_1200363826_1200363834_1200363898_1200363927_1200363938_1200363947_1200364074_1200364103_1507566554_1507566556_255882157_306484190': 3, 'gneJ143': -5, 'gneJ207': 7, 'gneJ208': 15, 'gneJ210': -22, 'gneJ255': 4, 'gneJ257': -3}, {'1863241632': 5, '2330725114': 7, '243351999': 6, '243641585': 22, '243749571': 15, '30503246': 1, '30624898': 1, '32564122': 1, '89127267': 2, '89173763': 5, '89173808': 8, 'cluster_1427494838_273472399': 2, 'cluster_1757124350_1757124352': 3, 'cluster_1863241547_1863241548_1976170214': 2, 'cluster_306484187_cluster_1200363791_1200363826_1200363834_1200363898_1200363927_1200363938_1200363947_1200364074_1200364103_1507566554_1507566556_255882157_306484190': 2, 'gneJ143': 5, 'gneJ207': 1, 'gneJ208': 0, 'gneJ210': 7, 'gneJ255': 4, 'gneJ257': 6}, {'1863241632': 6, '2330725114': 7, '243351999': 7, '243641585': 46, '243749571': 42, '30503246': 2, '30624898': 2, '32564122': 3, '89127267': 5, '89173763': 8, '89173808': 12, 'cluster_1427494838_273472399': 7, 'cluster_1757124350_1757124352': 3, 'cluster_1863241547_1863241548_1976170214': 4, 'cluster_306484187_cluster_1200363791_1200363826_1200363834_1200363898_1200363927_1200363938_1200363947_1200364074_1200364103_1507566554_1507566556_255882157_306484190': 3, 'gneJ143': 5, 'gneJ207': 1, 'gneJ208': 0, 'gneJ210': 22, 'gneJ255': 4, 'gneJ257': 8}, 
58460.0, {'1863241632': -6, '2330725114': -9, '243351999': -3, '243641585': -43, '243749571': -45, '30503246': -2, '30624898': 3, '32564122': 5, '89127267': -4, '89173763': 1, '89173808': -11, 'cluster_1427494838_273472399': -8, 'cluster_1757124350_1757124352': -3, 'cluster_1863241547_1863241548_1976170214': 4, 'cluster_306484187_cluster_1200363791_1200363826_1200363834_1200363898_1200363927_1200363938_1200363947_1200364074_1200364103_1507566554_1507566556_255882157_306484190': 0, 'gneJ143': -6, 'gneJ207': 8, 'gneJ208': 18, 'gneJ210': -22, 'gneJ255': 4, 'gneJ257': -5}, {'1863241632': 5, '2330725114': 9, '243351999': 3, '243641585': 22, '243749571': 15, '30503246': 1, '30624898': 1, '32564122': 1, '89127267': 2, '89173763': 5, '89173808': 8, 'cluster_1427494838_273472399': 2, 'cluster_1757124350_1757124352': 3, 'cluster_1863241547_1863241548_1976170214': 2, 'cluster_306484187_cluster_1200363791_1200363826_1200363834_1200363898_1200363927_1200363938_1200363947_1200364074_1200364103_1507566554_1507566556_255882157_306484190': 2, 'gneJ143': 5, 'gneJ207': 1, 'gneJ208': 1, 'gneJ210': 7, 'gneJ255': 4, 'gneJ257': 6}, {'1863241632': 6, '2330725114': 9, '243351999': 4, '243641585': 45, '243749571': 46, '30503246': 2, '30624898': 2, '32564122': 3, '89127267': 5, '89173763': 8, '89173808': 12, 'cluster_1427494838_273472399': 8, 'cluster_1757124350_1757124352': 3, 'cluster_1863241547_1863241548_1976170214': 3, 'cluster_306484187_cluster_1200363791_1200363826_1200363834_1200363898_1200363927_1200363938_1200363947_1200364074_1200364103_1507566554_1507566556_255882157_306484190': 3, 'gneJ143': 6, 'gneJ207': 1, 'gneJ208': 1, 'gneJ210': 22, 'gneJ255': 4, 'gneJ257': 8}, 
58470.0, {'1863241632': -6, '2330725114': -15, '243351999': -4, '243641585': -43, '243749571': -50, '30503246': -2, '30624898': 3, '32564122': 5, '89127267': -6, '89173763': 1, '89173808': -11, 'cluster_1427494838_273472399': -7, 'cluster_1757124350_1757124352': -3, 'cluster_1863241547_1863241548_1976170214': 3, 'cluster_306484187_cluster_1200363791_1200363826_1200363834_1200363898_1200363927_1200363938_1200363947_1200364074_1200364103_1507566554_1507566556_255882157_306484190': 1, 'gneJ143': -5, 'gneJ207': 7, 'gneJ208': 26, 'gneJ210': -22, 'gneJ255': 4, 'gneJ257': -5}, {'1863241632': 5, '2330725114': 12, '243351999': 4, '243641585': 22, '243749571': 18, '30503246': 1, '30624898': 1, '32564122': 1, '89127267': 2, '89173763': 5, '89173808': 8, 'cluster_1427494838_273472399': 2, 'cluster_1757124350_1757124352': 3, 'cluster_1863241547_1863241548_1976170214': 2, 'cluster_306484187_cluster_1200363791_1200363826_1200363834_1200363898_1200363927_1200363938_1200363947_1200364074_1200364103_1507566554_1507566556_255882157_306484190': 2, 'gneJ143': 5, 'gneJ207': 1, 'gneJ208': 2, 'gneJ210': 7, 'gneJ255': 4, 'gneJ257': 6}, {'1863241632': 6, '2330725114': 15, '243351999': 5, '243641585': 45, '243749571': 53, '30503246': 2, '30624898': 2, '32564122': 3, '89127267': 6, '89173763': 8, '89173808': 12, 'cluster_1427494838_273472399': 7, 'cluster_1757124350_1757124352': 3, 'cluster_1863241547_1863241548_1976170214': 4, 'cluster_306484187_cluster_1200363791_1200363826_1200363834_1200363898_1200363927_1200363938_1200363947_1200364074_1200364103_1507566554_1507566556_255882157_306484190': 3, 'gneJ143': 5, 'gneJ207': 1, 'gneJ208': 3, 'gneJ210': 22, 'gneJ255': 4, 'gneJ257': 8}, 
58480.0, {'1863241632': -6, '2330725114': -14, '243351999': -6, '243641585': -46, '243749571': -48, '30503246': -2, '30624898': -2, '32564122': 5, '89127267': -2, '89173763': 1, '89173808': -11, 'cluster_1427494838_273472399': -8, 'cluster_1757124350_1757124352': -3, 'cluster_1863241547_1863241548_1976170214': 3, 'cluster_306484187_cluster_1200363791_1200363826_1200363834_1200363898_1200363927_1200363938_1200363947_1200364074_1200364103_1507566554_1507566556_255882157_306484190': 3, 'gneJ143': -4, 'gneJ207': 8, 'gneJ208': 24, 'gneJ210': -22, 'gneJ255': 4, 'gneJ257': -5}, {'1863241632': 5, '2330725114': 11, '243351999': 6, '243641585': 22, '243749571': 18, '30503246': 1, '30624898': 2, '32564122': 1, '89127267': 2, '89173763': 5, '89173808': 8, 'cluster_1427494838_273472399': 2, 'cluster_1757124350_1757124352': 3, 'cluster_1863241547_1863241548_1976170214': 2, 'cluster_306484187_cluster_1200363791_1200363826_1200363834_1200363898_1200363927_1200363938_1200363947_1200364074_1200364103_1507566554_1507566556_255882157_306484190': 2, 'gneJ143': 3, 'gneJ207': 1, 'gneJ208': 4, 'gneJ210': 7, 'gneJ255': 4, 'gneJ257': 6}, {'1863241632': 6, '2330725114': 14, '243351999': 7, '243641585': 48, '243749571': 53, '30503246': 2, '30624898': 3, '32564122': 3, '89127267': 2, '89173763': 8, '89173808': 12, 'cluster_1427494838_273472399': 8, 'cluster_1757124350_1757124352': 3, 'cluster_1863241547_1863241548_1976170214': 4, 'cluster_306484187_cluster_1200363791_1200363826_1200363834_1200363898_1200363927_1200363938_1200363947_1200364074_1200364103_1507566554_1507566556_255882157_306484190': 3, 'gneJ143': 4, 'gneJ207': 1, 'gneJ208': 5, 'gneJ210': 22, 'gneJ255': 4, 'gneJ257': 8}, 
58490.0, {'1863241632': -6, '2330725114': -7, '243351999': -6, '243641585': -47, '243749571': -48, '30503246': -2, '30624898': 3, '32564122': 5, '89127267': -3, '89173763': 1, '89173808': -11, 'cluster_1427494838_273472399': -7, 'cluster_1757124350_1757124352': -3, 'cluster_1863241547_1863241548_1976170214': 4, 'cluster_306484187_cluster_1200363791_1200363826_1200363834_1200363898_1200363927_1200363938_1200363947_1200364074_1200364103_1507566554_1507566556_255882157_306484190': 3, 'gneJ143': -1, 'gneJ207': 8, 'gneJ208': 24, 'gneJ210': -22, 'gneJ255': 4, 'gneJ257': -5}, {'1863241632': 5, '2330725114': 4, '243351999': 6, '243641585': 22, '243749571': 18, '30503246': 1, '30624898': 2, '32564122': 1, '89127267': 2, '89173763': 6, '89173808': 8, 'cluster_1427494838_273472399': 2, 'cluster_1757124350_1757124352': 3, 'cluster_1863241547_1863241548_1976170214': 2, 'cluster_306484187_cluster_1200363791_1200363826_1200363834_1200363898_1200363927_1200363938_1200363947_1200364074_1200364103_1507566554_1507566556_255882157_306484190': 2, 'gneJ143': 1, 'gneJ207': 1, 'gneJ208': 4, 'gneJ210': 7, 'gneJ255': 4, 'gneJ257': 6}, {'1863241632': 6, '2330725114': 7, '243351999': 7, '243641585': 49, '243749571': 53, '30503246': 2, '30624898': 2, '32564122': 3, '89127267': 5, '89173763': 9, '89173808': 12, 'cluster_1427494838_273472399': 8, 'cluster_1757124350_1757124352': 3, 'cluster_1863241547_1863241548_1976170214': 4, 'cluster_306484187_cluster_1200363791_1200363826_1200363834_1200363898_1200363927_1200363938_1200363947_1200364074_1200364103_1507566554_1507566556_255882157_306484190': 3, 'gneJ143': 1, 'gneJ207': 1, 'gneJ208': 5, 'gneJ210': 22, 'gneJ255': 4, 'gneJ257': 8}, 
58500.0, {'1863241632': -5, '2330725114': -3, '243351999': -6, '243641585': -47, '243749571': -48, '30503246': -2, '30624898': 1, '32564122': 5, '89127267': -4, '89173763': 1, '89173808': -11, 'cluster_1427494838_273472399': -8, 'cluster_1757124350_1757124352': -3, 'cluster_1863241547_1863241548_1976170214': 5, 'cluster_306484187_cluster_1200363791_1200363826_1200363834_1200363898_1200363927_1200363938_1200363947_1200364074_1200364103_1507566554_1507566556_255882157_306484190': 3, 'gneJ143': -2, 'gneJ207': 7, 'gneJ208': 23, 'gneJ210': -22, 'gneJ255': 4, 'gneJ257': -5}, {'1863241632': 5, '2330725114': 2, '243351999': 6, '243641585': 22, '243749571': 18, '30503246': 1, '30624898': 3, '32564122': 1, '89127267': 3, '89173763': 6, '89173808': 8, 'cluster_1427494838_273472399': 2, 'cluster_1757124350_1757124352': 3, 'cluster_1863241547_1863241548_1976170214': 2, 'cluster_306484187_cluster_1200363791_1200363826_1200363834_1200363898_1200363927_1200363938_1200363947_1200364074_1200364103_1507566554_1507566556_255882157_306484190': 2, 'gneJ143': 2, 'gneJ207': 1, 'gneJ208': 4, 'gneJ210': 7, 'gneJ255': 4, 'gneJ257': 6}, {'1863241632': 6, '2330725114': 3, '243351999': 7, '243641585': 49, '243749571': 53, '30503246': 2, '30624898': 4, '32564122': 3, '89127267': 7, '89173763': 9, '89173808': 12, 'cluster_1427494838_273472399': 8, 'cluster_1757124350_1757124352': 3, 'cluster_1863241547_1863241548_1976170214': 3, 'cluster_306484187_cluster_1200363791_1200363826_1200363834_1200363898_1200363927_1200363938_1200363947_1200364074_1200364103_1507566554_1507566556_255882157_306484190': 3, 'gneJ143': 2, 'gneJ207': 1, 'gneJ208': 6, 'gneJ210': 22, 'gneJ255': 4, 'gneJ257': 8}, 
58510.0, {'1863241632': -6, '2330725114': -3, '243351999': -3, '243641585': -47, '243749571': -48, '30503246': -2, '30624898': 1, '32564122': 5, '89127267': -6, '89173763': 1, '89173808': -11, 'cluster_1427494838_273472399': -8, 'cluster_1757124350_1757124352': -3, 'cluster_1863241547_1863241548_1976170214': 6, 'cluster_306484187_cluster_1200363791_1200363826_1200363834_1200363898_1200363927_1200363938_1200363947_1200364074_1200364103_1507566554_1507566556_255882157_306484190': 0, 'gneJ143': -5, 'gneJ207': 7, 'gneJ208': 23, 'gneJ210': -22, 'gneJ255': 4, 'gneJ257': -5}, {'1863241632': 5, '2330725114': 2, '243351999': 3, '243641585': 22, '243749571': 18, '30503246': 1, '30624898': 3, '32564122': 1, '89127267': 5, '89173763': 6, '89173808': 8, 'cluster_1427494838_273472399': 2, 'cluster_1757124350_1757124352': 3, 'cluster_1863241547_1863241548_1976170214': 2, 'cluster_306484187_cluster_1200363791_1200363826_1200363834_1200363898_1200363927_1200363938_1200363947_1200364074_1200364103_1507566554_1507566556_255882157_306484190': 2, 'gneJ143': 5, 'gneJ207': 1, 'gneJ208': 4, 'gneJ210': 7, 'gneJ255': 4, 'gneJ257': 6}, {'1863241632': 6, '2330725114': 3, '243351999': 4, '243641585': 49, '243749571': 53, '30503246': 2, '30624898': 4, '32564122': 3, '89127267': 9, '89173763': 9, '89173808': 12, 'cluster_1427494838_273472399': 8, 'cluster_1757124350_1757124352': 3, 'cluster_1863241547_1863241548_1976170214': 2, 'cluster_306484187_cluster_1200363791_1200363826_1200363834_1200363898_1200363927_1200363938_1200363947_1200364074_1200364103_1507566554_1507566556_255882157_306484190': 3, 'gneJ143': 5, 'gneJ207': 1, 'gneJ208': 6, 'gneJ210': 22, 'gneJ255': 4, 'gneJ257': 8}, 
58520.0, {'1863241632': -4, '2330725114': -3, '243351999': -4, '243641585': -47, '243749571': -47, '30503246': -2, '30624898': 0, '32564122': 5, '89127267': -2, '89173763': 1, '89173808': -11, 'cluster_1427494838_273472399': -11, 'cluster_1757124350_1757124352': -4, 'cluster_1863241547_1863241548_1976170214': 4, 'cluster_306484187_cluster_1200363791_1200363826_1200363834_1200363898_1200363927_1200363938_1200363947_1200364074_1200364103_1507566554_1507566556_255882157_306484190': 1, 'gneJ143': -4, 'gneJ207': 8, 'gneJ208': 22, 'gneJ210': -22, 'gneJ255': 4, 'gneJ257': -5}, {'1863241632': 5, '2330725114': 2, '243351999': 4, '243641585': 22, '243749571': 18, '30503246': 1, '30624898': 4, '32564122': 1, '89127267': 5, '89173763': 6, '89173808': 8, 'cluster_1427494838_273472399': 2, 'cluster_1757124350_1757124352': 4, 'cluster_1863241547_1863241548_1976170214': 2, 'cluster_306484187_cluster_1200363791_1200363826_1200363834_1200363898_1200363927_1200363938_1200363947_1200364074_1200364103_1507566554_1507566556_255882157_306484190': 2, 'gneJ143': 3, 'gneJ207': 1, 'gneJ208': 5, 'gneJ210': 7, 'gneJ255': 4, 'gneJ257': 6}, {'1863241632': 6, '2330725114': 3, '243351999': 5, '243641585': 49, '243749571': 53, '30503246': 2, '30624898': 5, '32564122': 3, '89127267': 9, '89173763': 9, '89173808': 12, 'cluster_1427494838_273472399': 11, 'cluster_1757124350_1757124352': 4, 'cluster_1863241547_1863241548_1976170214': 4, 'cluster_306484187_cluster_1200363791_1200363826_1200363834_1200363898_1200363927_1200363938_1200363947_1200364074_1200364103_1507566554_1507566556_255882157_306484190': 3, 'gneJ143': 4, 'gneJ207': 1, 'gneJ208': 7, 'gneJ210': 22, 'gneJ255': 4, 'gneJ257': 8}, 
58530.0, {'1863241632': -6, '2330725114': -3, '243351999': -1, '243641585': -47, '243749571': -46, '30503246': -2, '30624898': 1, '32564122': 6, '89127267': -6, '89173763': 1, '89173808': -11, 'cluster_1427494838_273472399': -8, 'cluster_1757124350_1757124352': -4, 'cluster_1863241547_1863241548_1976170214': 6, 'cluster_306484187_cluster_1200363791_1200363826_1200363834_1200363898_1200363927_1200363938_1200363947_1200364074_1200364103_1507566554_1507566556_255882157_306484190': -4, 'gneJ143': -1, 'gneJ207': 8, 'gneJ208': 21, 'gneJ210': -22, 'gneJ255': 4, 'gneJ257': -5}, {'1863241632': 5, '2330725114': 2, '243351999': 2, '243641585': 22, '243749571': 18, '30503246': 1, '30624898': 3, '32564122': 1, '89127267': 5, '89173763': 6, '89173808': 8, 'cluster_1427494838_273472399': 2, 'cluster_1757124350_1757124352': 4, 'cluster_1863241547_1863241548_1976170214': 2, 'cluster_306484187_cluster_1200363791_1200363826_1200363834_1200363898_1200363927_1200363938_1200363947_1200364074_1200364103_1507566554_1507566556_255882157_306484190': 2, 'gneJ143': 1, 'gneJ207': 1, 'gneJ208': 6, 'gneJ210': 7, 'gneJ255': 4, 'gneJ257': 6}, {'1863241632': 6, '2330725114': 3, '243351999': 2, '243641585': 49, '243749571': 53, '30503246': 2, '30624898': 4, '32564122': 3, '89127267': 9, '89173763': 9, '89173808': 12, 'cluster_1427494838_273472399': 8, 'cluster_1757124350_1757124352': 4, 'cluster_1863241547_1863241548_1976170214': 2, 'cluster_306484187_cluster_1200363791_1200363826_1200363834_1200363898_1200363927_1200363938_1200363947_1200364074_1200364103_1507566554_1507566556_255882157_306484190': 4, 'gneJ143': 1, 'gneJ207': 1, 'gneJ208': 8, 'gneJ210': 22, 'gneJ255': 4, 'gneJ257': 8}, 
58540.0, {'1863241632': -4, '2330725114': -3, '243351999': -1, '243641585': -47, '243749571': -46, '30503246': -2, '30624898': 4, '32564122': 3, '89127267': -9, '89173763': 1, '89173808': -11, 'cluster_1427494838_273472399': -8, 'cluster_1757124350_1757124352': -4, 'cluster_1863241547_1863241548_1976170214': 4, 'cluster_306484187_cluster_1200363791_1200363826_1200363834_1200363898_1200363927_1200363938_1200363947_1200364074_1200364103_1507566554_1507566556_255882157_306484190': -1, 'gneJ143': -2, 'gneJ207': 9, 'gneJ208': 21, 'gneJ210': -22, 'gneJ255': 4, 'gneJ257': -5}, {'1863241632': 5, '2330725114': 2, '243351999': 2, '243641585': 22, '243749571': 18, '30503246': 1, '30624898': 1, '32564122': 1, '89127267': 5, '89173763': 6, '89173808': 8, 'cluster_1427494838_273472399': 2, 'cluster_1757124350_1757124352': 4, 'cluster_1863241547_1863241548_1976170214': 2, 'cluster_306484187_cluster_1200363791_1200363826_1200363834_1200363898_1200363927_1200363938_1200363947_1200364074_1200364103_1507566554_1507566556_255882157_306484190': 1, 'gneJ143': 2, 'gneJ207': 1, 'gneJ208': 6, 'gneJ210': 7, 'gneJ255': 4, 'gneJ257': 6}, {'1863241632': 6, '2330725114': 3, '243351999': 2, '243641585': 49, '243749571': 53, '30503246': 2, '30624898': 1, '32564122': 3, '89127267': 9, '89173763': 9, '89173808': 12, 'cluster_1427494838_273472399': 8, 'cluster_1757124350_1757124352': 4, 'cluster_1863241547_1863241548_1976170214': 4, 'cluster_306484187_cluster_1200363791_1200363826_1200363834_1200363898_1200363927_1200363938_1200363947_1200364074_1200364103_1507566554_1507566556_255882157_306484190': 1, 'gneJ143': 2, 'gneJ207': 1, 'gneJ208': 8, 'gneJ210': 22, 'gneJ255': 4, 'gneJ257': 8}, 
58550.0, {'1863241632': -6, '2330725114': -3, '243351999': -4, '243641585': -47, '243749571': -46, '30503246': -2, '30624898': 4, '32564122': 5, '89127267': -7, '89173763': 1, '89173808': -11, 'cluster_1427494838_273472399': -8, 'cluster_1757124350_1757124352': -5, 'cluster_1863241547_1863241548_1976170214': 6, 'cluster_306484187_cluster_1200363791_1200363826_1200363834_1200363898_1200363927_1200363938_1200363947_1200364074_1200364103_1507566554_1507566556_255882157_306484190': -1, 'gneJ143': -3, 'gneJ207': 7, 'gneJ208': 21, 'gneJ210': -22, 'gneJ255': 4, 'gneJ257': -5}, {'1863241632': 5, '2330725114': 2, '243351999': 3, '243641585': 22, '243749571': 18, '30503246': 1, '30624898': 1, '32564122': 1, '89127267': 3, '89173763': 6, '89173808': 8, 'cluster_1427494838_273472399': 2, 'cluster_1757124350_1757124352': 5, 'cluster_1863241547_1863241548_1976170214': 2, 'cluster_306484187_cluster_1200363791_1200363826_1200363834_1200363898_1200363927_1200363938_1200363947_1200364074_1200364103_1507566554_1507566556_255882157_306484190': 2, 'gneJ143': 3, 'gneJ207': 1, 'gneJ208': 6, 'gneJ210': 7, 'gneJ255': 4, 'gneJ257': 6}, {'1863241632': 6, '2330725114': 3, '243351999': 5, '243641585': 49, '243749571': 53, '30503246': 2, '30624898': 1, '32564122': 3, '89127267': 7, '89173763': 9, '89173808': 12, 'cluster_1427494838_273472399': 8, 'cluster_1757124350_1757124352': 5, 'cluster_1863241547_1863241548_1976170214': 2, 'cluster_306484187_cluster_1200363791_1200363826_1200363834_1200363898_1200363927_1200363938_1200363947_1200364074_1200364103_1507566554_1507566556_255882157_306484190': 3, 'gneJ143': 3, 'gneJ207': 1, 'gneJ208': 8, 'gneJ210': 22, 'gneJ255': 4, 'gneJ257': 8}, 
58560.0, {'1863241632': -4, '2330725114': -3, '243351999': -4, '243641585': -47, '243749571': -46, '30503246': -2, '30624898': 3, '32564122': 5, '89127267': -6, '89173763': 1, '89173808': -11, 'cluster_1427494838_273472399': -9, 'cluster_1757124350_1757124352': -5, 'cluster_1863241547_1863241548_1976170214': 4, 'cluster_306484187_cluster_1200363791_1200363826_1200363834_1200363898_1200363927_1200363938_1200363947_1200364074_1200364103_1507566554_1507566556_255882157_306484190': -1, 'gneJ143': -5, 'gneJ207': 7, 'gneJ208': 21, 'gneJ210': -22, 'gneJ255': 4, 'gneJ257': -5}, {'1863241632': 5, '2330725114': 2, '243351999': 3, '243641585': 22, '243749571': 18, '30503246': 1, '30624898': 2, '32564122': 1, '89127267': 2, '89173763': 6, '89173808': 8, 'cluster_1427494838_273472399': 2, 'cluster_1757124350_1757124352': 5, 'cluster_1863241547_1863241548_1976170214': 2, 'cluster_306484187_cluster_1200363791_1200363826_1200363834_1200363898_1200363927_1200363938_1200363947_1200364074_1200364103_1507566554_1507566556_255882157_306484190': 2, 'gneJ143': 5, 'gneJ207': 1, 'gneJ208': 6, 'gneJ210': 7, 'gneJ255': 4, 'gneJ257': 6}, {'1863241632': 6, '2330725114': 3, '243351999': 5, '243641585': 49, '243749571': 53, '30503246': 2, '30624898': 2, '32564122': 3, '89127267': 6, '89173763': 9, '89173808': 12, 'cluster_1427494838_273472399': 9, 'cluster_1757124350_1757124352': 5, 'cluster_1863241547_1863241548_1976170214': 4, 'cluster_306484187_cluster_1200363791_1200363826_1200363834_1200363898_1200363927_1200363938_1200363947_1200364074_1200364103_1507566554_1507566556_255882157_306484190': 3, 'gneJ143': 5, 'gneJ207': 1, 'gneJ208': 8, 'gneJ210': 22, 'gneJ255': 4, 'gneJ257': 8}, 
58570.0, {'1863241632': -6, '2330725114': -3, '243351999': -4, '243641585': -47, '243749571': -47, '30503246': -2, '30624898': 1, '32564122': 5, '89127267': -6, '89173763': 1, '89173808': -11, 'cluster_1427494838_273472399': -7, 'cluster_1757124350_1757124352': -5, 'cluster_1863241547_1863241548_1976170214': 6, 'cluster_306484187_cluster_1200363791_1200363826_1200363834_1200363898_1200363927_1200363938_1200363947_1200364074_1200364103_1507566554_1507566556_255882157_306484190': -1, 'gneJ143': -5, 'gneJ207': 7, 'gneJ208': 22, 'gneJ210': -22, 'gneJ255': 4, 'gneJ257': -5}, {'1863241632': 5, '2330725114': 2, '243351999': 3, '243641585': 22, '243749571': 18, '30503246': 1, '30624898': 4, '32564122': 1, '89127267': 2, '89173763': 6, '89173808': 8, 'cluster_1427494838_273472399': 2, 'cluster_1757124350_1757124352': 5, 'cluster_1863241547_1863241548_1976170214': 2, 'cluster_306484187_cluster_1200363791_1200363826_1200363834_1200363898_1200363927_1200363938_1200363947_1200364074_1200364103_1507566554_1507566556_255882157_306484190': 2, 'gneJ143': 5, 'gneJ207': 1, 'gneJ208': 6, 'gneJ210': 7, 'gneJ255': 4, 'gneJ257': 6}, {'1863241632': 6, '2330725114': 3, '243351999': 5, '243641585': 49, '243749571': 54, '30503246': 2, '30624898': 4, '32564122': 3, '89127267': 6, '89173763': 9, '89173808': 12, 'cluster_1427494838_273472399': 9, 'cluster_1757124350_1757124352': 5, 'cluster_1863241547_1863241548_1976170214': 2, 'cluster_306484187_cluster_1200363791_1200363826_1200363834_1200363898_1200363927_1200363938_1200363947_1200364074_1200364103_1507566554_1507566556_255882157_306484190': 3, 'gneJ143': 5, 'gneJ207': 1, 'gneJ208': 8, 'gneJ210': 22, 'gneJ255': 4, 'gneJ257': 8}, 
58580.0, {'1863241632': -4, '2330725114': -3, '243351999': -3, '243641585': -47, '243749571': -47, '30503246': -2, '30624898': -2, '32564122': 5, '89127267': -4, '89173763': 1, '89173808': -11, 'cluster_1427494838_273472399': -9, 'cluster_1757124350_1757124352': -5, 'cluster_1863241547_1863241548_1976170214': 4, 'cluster_306484187_cluster_1200363791_1200363826_1200363834_1200363898_1200363927_1200363938_1200363947_1200364074_1200364103_1507566554_1507566556_255882157_306484190': -3, 'gneJ143': -5, 'gneJ207': 7, 'gneJ208': 22, 'gneJ210': -22, 'gneJ255': 4, 'gneJ257': -5}, {'1863241632': 5, '2330725114': 2, '243351999': 4, '243641585': 22, '243749571': 18, '30503246': 1, '30624898': 7, '32564122': 1, '89127267': 2, '89173763': 6, '89173808': 8, 'cluster_1427494838_273472399': 2, 'cluster_1757124350_1757124352': 5, 'cluster_1863241547_1863241548_1976170214': 2, 'cluster_306484187_cluster_1200363791_1200363826_1200363834_1200363898_1200363927_1200363938_1200363947_1200364074_1200364103_1507566554_1507566556_255882157_306484190': 2, 'gneJ143': 5, 'gneJ207': 1, 'gneJ208': 6, 'gneJ210': 7, 'gneJ255': 4, 'gneJ257': 6}, {'1863241632': 6, '2330725114': 3, '243351999': 4, '243641585': 49, '243749571': 54, '30503246': 2, '30624898': 7, '32564122': 3, '89127267': 4, '89173763': 9, '89173808': 12, 'cluster_1427494838_273472399': 9, 'cluster_1757124350_1757124352': 5, 'cluster_1863241547_1863241548_1976170214': 4, 'cluster_306484187_cluster_1200363791_1200363826_1200363834_1200363898_1200363927_1200363938_1200363947_1200364074_1200364103_1507566554_1507566556_255882157_306484190': 3, 'gneJ143': 5, 'gneJ207': 1, 'gneJ208': 8, 'gneJ210': 22, 'gneJ255': 4, 'gneJ257': 8}, 
58590.0, {'1863241632': -6, '2330725114': -3, '243351999': -3, '243641585': -47, '243749571': -47, '30503246': -2, '30624898': -4, '32564122': 5, '89127267': -4, '89173763': 1, '89173808': -11, 'cluster_1427494838_273472399': -9, 'cluster_1757124350_1757124352': -5, 'cluster_1863241547_1863241548_1976170214': 6, 'cluster_306484187_cluster_1200363791_1200363826_1200363834_1200363898_1200363927_1200363938_1200363947_1200364074_1200364103_1507566554_1507566556_255882157_306484190': -3, 'gneJ143': -5, 'gneJ207': 7, 'gneJ208': 22, 'gneJ210': -22, 'gneJ255': 4, 'gneJ257': -5}, {'1863241632': 5, '2330725114': 2, '243351999': 4, '243641585': 22, '243749571': 18, '30503246': 1, '30624898': 9, '32564122': 1, '89127267': 2, '89173763': 6, '89173808': 8, 'cluster_1427494838_273472399': 2, 'cluster_1757124350_1757124352': 5, 'cluster_1863241547_1863241548_1976170214': 2, 'cluster_306484187_cluster_1200363791_1200363826_1200363834_1200363898_1200363927_1200363938_1200363947_1200364074_1200364103_1507566554_1507566556_255882157_306484190': 2, 'gneJ143': 5, 'gneJ207': 1, 'gneJ208': 6, 'gneJ210': 7, 'gneJ255': 4, 'gneJ257': 6}, {'1863241632': 6, '2330725114': 3, '243351999': 4, '243641585': 49, '243749571': 54, '30503246': 2, '30624898': 9, '32564122': 3, '89127267': 4, '89173763': 9, '89173808': 12, 'cluster_1427494838_273472399': 9, 'cluster_1757124350_1757124352': 5, 'cluster_1863241547_1863241548_1976170214': 2, 'cluster_306484187_cluster_1200363791_1200363826_1200363834_1200363898_1200363927_1200363938_1200363947_1200364074_1200364103_1507566554_1507566556_255882157_306484190': 3, 'gneJ143': 5, 'gneJ207': 1, 'gneJ208': 8, 'gneJ210': 22, 'gneJ255': 4, 'gneJ257': 8}, 
58600.0, {'1863241632': -5, '2330725114': -3, '243351999': -3, '243641585': -47, '243749571': -47, '30503246': -2, '30624898': -4, '32564122': 5, '89127267': -6, '89173763': 1, '89173808': -11, 'cluster_1427494838_273472399': -9, 'cluster_1757124350_1757124352': -5, 'cluster_1863241547_1863241548_1976170214': 5, 'cluster_306484187_cluster_1200363791_1200363826_1200363834_1200363898_1200363927_1200363938_1200363947_1200364074_1200364103_1507566554_1507566556_255882157_306484190': -3, 'gneJ143': -5, 'gneJ207': 9, 'gneJ208': 22, 'gneJ210': -22, 'gneJ255': 4, 'gneJ257': -5}, {'1863241632': 5, '2330725114': 2, '243351999': 4, '243641585': 22, '243749571': 18, '30503246': 1, '30624898': 9, '32564122': 1, '89127267': 2, '89173763': 6, '89173808': 8, 'cluster_1427494838_273472399': 2, 'cluster_1757124350_1757124352': 5, 'cluster_1863241547_1863241548_1976170214': 2, 'cluster_306484187_cluster_1200363791_1200363826_1200363834_1200363898_1200363927_1200363938_1200363947_1200364074_1200364103_1507566554_1507566556_255882157_306484190': 2, 'gneJ143': 3, 'gneJ207': 1, 'gneJ208': 6, 'gneJ210': 7, 'gneJ255': 4, 'gneJ257': 6}, {'1863241632': 6, '2330725114': 3, '243351999': 4, '243641585': 49, '243749571': 54, '30503246': 2, '30624898': 9, '32564122': 3, '89127267': 6, '89173763': 9, '89173808': 12, 'cluster_1427494838_273472399': 9, 'cluster_1757124350_1757124352': 5, 'cluster_1863241547_1863241548_1976170214': 3, 'cluster_306484187_cluster_1200363791_1200363826_1200363834_1200363898_1200363927_1200363938_1200363947_1200364074_1200364103_1507566554_1507566556_255882157_306484190': 3, 'gneJ143': 5, 'gneJ207': 1, 'gneJ208': 8, 'gneJ210': 22, 'gneJ255': 4, 'gneJ257': 8}, 
58610.0, {'1863241632': -6, '2330725114': -3, '243351999': -3, '243641585': -47, '243749571': -46, '30503246': -2, '30624898': -4, '32564122': 5, '89127267': -6, '89173763': 1, '89173808': -11, 'cluster_1427494838_273472399': -9, 'cluster_1757124350_1757124352': -6, 'cluster_1863241547_1863241548_1976170214': 6, 'cluster_306484187_cluster_1200363791_1200363826_1200363834_1200363898_1200363927_1200363938_1200363947_1200364074_1200364103_1507566554_1507566556_255882157_306484190': -3, 'gneJ143': -4, 'gneJ207': 7, 'gneJ208': 21, 'gneJ210': -22, 'gneJ255': 4, 'gneJ257': -5}, {'1863241632': 5, '2330725114': 2, '243351999': 4, '243641585': 22, '243749571': 18, '30503246': 1, '30624898': 9, '32564122': 1, '89127267': 2, '89173763': 6, '89173808': 8, 'cluster_1427494838_273472399': 2, 'cluster_1757124350_1757124352': 6, 'cluster_1863241547_1863241548_1976170214': 2, 'cluster_306484187_cluster_1200363791_1200363826_1200363834_1200363898_1200363927_1200363938_1200363947_1200364074_1200364103_1507566554_1507566556_255882157_306484190': 2, 'gneJ143': 4, 'gneJ207': 1, 'gneJ208': 7, 'gneJ210': 7, 'gneJ255': 4, 'gneJ257': 6}, {'1863241632': 6, '2330725114': 3, '243351999': 4, '243641585': 49, '243749571': 54, '30503246': 2, '30624898': 9, '32564122': 3, '89127267': 6, '89173763': 9, '89173808': 12, 'cluster_1427494838_273472399': 9, 'cluster_1757124350_1757124352': 6, 'cluster_1863241547_1863241548_1976170214': 2, 'cluster_306484187_cluster_1200363791_1200363826_1200363834_1200363898_1200363927_1200363938_1200363947_1200364074_1200364103_1507566554_1507566556_255882157_306484190': 3, 'gneJ143': 4, 'gneJ207': 1, 'gneJ208': 9, 'gneJ210': 22, 'gneJ255': 4, 'gneJ257': 8}, 
58620.0, {'1863241632': -4, '2330725114': -3, '243351999': -4, '243641585': -47, '243749571': -45, '30503246': -2, '30624898': -4, '32564122': 5, '89127267': -7, '89173763': 1, '89173808': -11, 'cluster_1427494838_273472399': -9, 'cluster_1757124350_1757124352': -5, 'cluster_1863241547_1863241548_1976170214': 4, 'cluster_306484187_cluster_1200363791_1200363826_1200363834_1200363898_1200363927_1200363938_1200363947_1200364074_1200364103_1507566554_1507566556_255882157_306484190': -3, 'gneJ143': -6, 'gneJ207': 7, 'gneJ208': 19, 'gneJ210': -22, 'gneJ255': 4, 'gneJ257': -5}, {'1863241632': 5, '2330725114': 2, '243351999': 5, '243641585': 22, '243749571': 18, '30503246': 1, '30624898': 9, '32564122': 1, '89127267': 3, '89173763': 6, '89173808': 8, 'cluster_1427494838_273472399': 2, 'cluster_1757124350_1757124352': 6, 'cluster_1863241547_1863241548_1976170214': 2, 'cluster_306484187_cluster_1200363791_1200363826_1200363834_1200363898_1200363927_1200363938_1200363947_1200364074_1200364103_1507566554_1507566556_255882157_306484190': 2, 'gneJ143': 5, 'gneJ207': 1, 'gneJ208': 8, 'gneJ210': 7, 'gneJ255': 4, 'gneJ257': 6}, {'1863241632': 6, '2330725114': 3, '243351999': 5, '243641585': 49, '243749571': 54, '30503246': 2, '30624898': 9, '32564122': 3, '89127267': 7, '89173763': 9, '89173808': 12, 'cluster_1427494838_273472399': 9, 'cluster_1757124350_1757124352': 6, 'cluster_1863241547_1863241548_1976170214': 4, 'cluster_306484187_cluster_1200363791_1200363826_1200363834_1200363898_1200363927_1200363938_1200363947_1200364074_1200364103_1507566554_1507566556_255882157_306484190': 3, 'gneJ143': 6, 'gneJ207': 1, 'gneJ208': 11, 'gneJ210': 22, 'gneJ255': 4, 'gneJ257': 8}, 
58630.0, {'1863241632': -6, '2330725114': -3, '243351999': -4, '243641585': -47, '243749571': -44, '30503246': -2, '30624898': -4, '32564122': 5, '89127267': -7, '89173763': 1, '89173808': -11, 'cluster_1427494838_273472399': -9, 'cluster_1757124350_1757124352': -1, 'cluster_1863241547_1863241548_1976170214': 6, 'cluster_306484187_cluster_1200363791_1200363826_1200363834_1200363898_1200363927_1200363938_1200363947_1200364074_1200364103_1507566554_1507566556_255882157_306484190': -3, 'gneJ143': -10, 'gneJ207': 7, 'gneJ208': 18, 'gneJ210': -22, 'gneJ255': 4, 'gneJ257': -5}, {'1863241632': 5, '2330725114': 2, '243351999': 5, '243641585': 22, '243749571': 18, '30503246': 1, '30624898': 9, '32564122': 1, '89127267': 3, '89173763': 6, '89173808': 8, 'cluster_1427494838_273472399': 2, 'cluster_1757124350_1757124352': 6, 'cluster_1863241547_1863241548_1976170214': 2, 'cluster_306484187_cluster_1200363791_1200363826_1200363834_1200363898_1200363927_1200363938_1200363947_1200364074_1200364103_1507566554_1507566556_255882157_306484190': 2, 'gneJ143': 5, 'gneJ207': 1, 'gneJ208': 9, 'gneJ210': 7, 'gneJ255': 4, 'gneJ257': 6}, {'1863241632': 6, '2330725114': 3, '243351999': 5, '243641585': 49, '243749571': 54, '30503246': 2, '30624898': 9, '32564122': 3, '89127267': 7, '89173763': 9, '89173808': 12, 'cluster_1427494838_273472399': 9, 'cluster_1757124350_1757124352': 6, 'cluster_1863241547_1863241548_1976170214': 2, 'cluster_306484187_cluster_1200363791_1200363826_1200363834_1200363898_1200363927_1200363938_1200363947_1200364074_1200364103_1507566554_1507566556_255882157_306484190': 3, 'gneJ143': 10, 'gneJ207': 1, 'gneJ208': 12, 'gneJ210': 22, 'gneJ255': 4, 'gneJ257': 8}, 
58640.0, {'1863241632': -5, '2330725114': -3, '243351999': -4, '243641585': -47, '243749571': -44, '30503246': -2, '30624898': -5, '32564122': 5, '89127267': -6, '89173763': 1, '89173808': -11, 'cluster_1427494838_273472399': -9, 'cluster_1757124350_1757124352': -6, 'cluster_1863241547_1863241548_1976170214': 5, 'cluster_306484187_cluster_1200363791_1200363826_1200363834_1200363898_1200363927_1200363938_1200363947_1200364074_1200364103_1507566554_1507566556_255882157_306484190': -3, 'gneJ143': -5, 'gneJ207': 7, 'gneJ208': 18, 'gneJ210': -22, 'gneJ255': 4, 'gneJ257': -5}, {'1863241632': 5, '2330725114': 2, '243351999': 5, '243641585': 22, '243749571': 18, '30503246': 1, '30624898': 9, '32564122': 1, '89127267': 3, '89173763': 6, '89173808': 8, 'cluster_1427494838_273472399': 2, 'cluster_1757124350_1757124352': 6, 'cluster_1863241547_1863241548_1976170214': 2, 'cluster_306484187_cluster_1200363791_1200363826_1200363834_1200363898_1200363927_1200363938_1200363947_1200364074_1200364103_1507566554_1507566556_255882157_306484190': 2, 'gneJ143': 5, 'gneJ207': 1, 'gneJ208': 9, 'gneJ210': 7, 'gneJ255': 4, 'gneJ257': 6}, {'1863241632': 6, '2330725114': 3, '243351999': 5, '243641585': 49, '243749571': 54, '30503246': 2, '30624898': 10, '32564122': 3, '89127267': 7, '89173763': 9, '89173808': 12, 'cluster_1427494838_273472399': 9, 'cluster_1757124350_1757124352': 6, 'cluster_1863241547_1863241548_1976170214': 3, 'cluster_306484187_cluster_1200363791_1200363826_1200363834_1200363898_1200363927_1200363938_1200363947_1200364074_1200364103_1507566554_1507566556_255882157_306484190': 3, 'gneJ143': 5, 'gneJ207': 1, 'gneJ208': 12, 'gneJ210': 22, 'gneJ255': 4, 'gneJ257': 8}, 
58650.0, {'1863241632': -6, '2330725114': -3, '243351999': -4, '243641585': -47, '243749571': -44, '30503246': -2, '30624898': -7, '32564122': 5, '89127267': -1, '89173763': 1, '89173808': -11, 'cluster_1427494838_273472399': -9, 'cluster_1757124350_1757124352': -2, 'cluster_1863241547_1863241548_1976170214': 6, 'cluster_306484187_cluster_1200363791_1200363826_1200363834_1200363898_1200363927_1200363938_1200363947_1200364074_1200364103_1507566554_1507566556_255882157_306484190': -3, 'gneJ143': -8, 'gneJ207': 8, 'gneJ208': 18, 'gneJ210': -22, 'gneJ255': 4, 'gneJ257': -5}, {'1863241632': 5, '2330725114': 2, '243351999': 5, '243641585': 22, '243749571': 18, '30503246': 1, '30624898': 6, '32564122': 1, '89127267': 3, '89173763': 6, '89173808': 8, 'cluster_1427494838_273472399': 2, 'cluster_1757124350_1757124352': 6, 'cluster_1863241547_1863241548_1976170214': 2, 'cluster_306484187_cluster_1200363791_1200363826_1200363834_1200363898_1200363927_1200363938_1200363947_1200364074_1200364103_1507566554_1507566556_255882157_306484190': 2, 'gneJ143': 3, 'gneJ207': 1, 'gneJ208': 9, 'gneJ210': 7, 'gneJ255': 4, 'gneJ257': 6}, {'1863241632': 6, '2330725114': 3, '243351999': 5, '243641585': 49, '243749571': 54, '30503246': 2, '30624898': 12, '32564122': 3, '89127267': 7, '89173763': 9, '89173808': 12, 'cluster_1427494838_273472399': 9, 'cluster_1757124350_1757124352': 6, 'cluster_1863241547_1863241548_1976170214': 2, 'cluster_306484187_cluster_1200363791_1200363826_1200363834_1200363898_1200363927_1200363938_1200363947_1200364074_1200364103_1507566554_1507566556_255882157_306484190': 3, 'gneJ143': 8, 'gneJ207': 1, 'gneJ208': 12, 'gneJ210': 22, 'gneJ255': 4, 'gneJ257': 8}, 
58660.0, {'1863241632': -5, '2330725114': -3, '243351999': -4, '243641585': -47, '243749571': -44, '30503246': -2, '30624898': -3, '32564122': 5, '89127267': 0, '89173763': 1, '89173808': -11, 'cluster_1427494838_273472399': -9, 'cluster_1757124350_1757124352': 0, 'cluster_1863241547_1863241548_1976170214': 5, 'cluster_306484187_cluster_1200363791_1200363826_1200363834_1200363898_1200363927_1200363938_1200363947_1200364074_1200364103_1507566554_1507566556_255882157_306484190': -3, 'gneJ143': -8, 'gneJ207': 9, 'gneJ208': 18, 'gneJ210': -22, 'gneJ255': 4, 'gneJ257': -5}, {'1863241632': 5, '2330725114': 2, '243351999': 5, '243641585': 22, '243749571': 18, '30503246': 1, '30624898': 7, '32564122': 1, '89127267': 3, '89173763': 6, '89173808': 8, 'cluster_1427494838_273472399': 2, 'cluster_1757124350_1757124352': 6, 'cluster_1863241547_1863241548_1976170214': 2, 'cluster_306484187_cluster_1200363791_1200363826_1200363834_1200363898_1200363927_1200363938_1200363947_1200364074_1200364103_1507566554_1507566556_255882157_306484190': 2, 'gneJ143': 3, 'gneJ207': 1, 'gneJ208': 9, 'gneJ210': 7, 'gneJ255': 4, 'gneJ257': 6}, {'1863241632': 6, '2330725114': 3, '243351999': 5, '243641585': 49, '243749571': 54, '30503246': 2, '30624898': 8, '32564122': 3, '89127267': 7, '89173763': 9, '89173808': 12, 'cluster_1427494838_273472399': 9, 'cluster_1757124350_1757124352': 6, 'cluster_1863241547_1863241548_1976170214': 3, 'cluster_306484187_cluster_1200363791_1200363826_1200363834_1200363898_1200363927_1200363938_1200363947_1200364074_1200364103_1507566554_1507566556_255882157_306484190': 3, 'gneJ143': 8, 'gneJ207': 1, 'gneJ208': 12, 'gneJ210': 22, 'gneJ255': 4, 'gneJ257': 8}, 
58670.0, {'1863241632': -7, '2330725114': -2, '243351999': -4, '243641585': -47, '243749571': -44, '30503246': -2, '30624898': -2, '32564122': 5, '89127267': 0, '89173763': 1, '89173808': -11, 'cluster_1427494838_273472399': -9, 'cluster_1757124350_1757124352': -6, 'cluster_1863241547_1863241548_1976170214': 6, 'cluster_306484187_cluster_1200363791_1200363826_1200363834_1200363898_1200363927_1200363938_1200363947_1200364074_1200364103_1507566554_1507566556_255882157_306484190': -3, 'gneJ143': -3, 'gneJ207': 7, 'gneJ208': 18, 'gneJ210': -22, 'gneJ255': 4, 'gneJ257': -5}, {'1863241632': 5, '2330725114': 2, '243351999': 5, '243641585': 22, '243749571': 18, '30503246': 1, '30624898': 7, '32564122': 1, '89127267': 3, '89173763': 6, '89173808': 8, 'cluster_1427494838_273472399': 2, 'cluster_1757124350_1757124352': 6, 'cluster_1863241547_1863241548_1976170214': 2, 'cluster_306484187_cluster_1200363791_1200363826_1200363834_1200363898_1200363927_1200363938_1200363947_1200364074_1200364103_1507566554_1507566556_255882157_306484190': 2, 'gneJ143': 3, 'gneJ207': 1, 'gneJ208': 9, 'gneJ210': 7, 'gneJ255': 4, 'gneJ257': 6}, {'1863241632': 7, '2330725114': 3, '243351999': 5, '243641585': 49, '243749571': 54, '30503246': 2, '30624898': 7, '32564122': 3, '89127267': 7, '89173763': 9, '89173808': 12, 'cluster_1427494838_273472399': 9, 'cluster_1757124350_1757124352': 6, 'cluster_1863241547_1863241548_1976170214': 2, 'cluster_306484187_cluster_1200363791_1200363826_1200363834_1200363898_1200363927_1200363938_1200363947_1200364074_1200364103_1507566554_1507566556_255882157_306484190': 3, 'gneJ143': 3, 'gneJ207': 1, 'gneJ208': 12, 'gneJ210': 22, 'gneJ255': 4, 'gneJ257': 8}, 
58680.0, {'1863241632': -5, '2330725114': -3, '243351999': -4, '243641585': -47, '243749571': -44, '30503246': -2, '30624898': -6, '32564122': 5, '89127267': 1, '89173763': 1, '89173808': -11, 'cluster_1427494838_273472399': -9, 'cluster_1757124350_1757124352': -6, 'cluster_1863241547_1863241548_1976170214': 5, 'cluster_306484187_cluster_1200363791_1200363826_1200363834_1200363898_1200363927_1200363938_1200363947_1200364074_1200364103_1507566554_1507566556_255882157_306484190': -3, 'gneJ143': -5, 'gneJ207': 7, 'gneJ208': 18, 'gneJ210': -22, 'gneJ255': 4, 'gneJ257': -5}, {'1863241632': 5, '2330725114': 2, '243351999': 5, '243641585': 22, '243749571': 18, '30503246': 1, '30624898': 11, '32564122': 1, '89127267': 6, '89173763': 6, '89173808': 8, 'cluster_1427494838_273472399': 2, 'cluster_1757124350_1757124352': 6, 'cluster_1863241547_1863241548_1976170214': 2, 'cluster_306484187_cluster_1200363791_1200363826_1200363834_1200363898_1200363927_1200363938_1200363947_1200364074_1200364103_1507566554_1507566556_255882157_306484190': 2, 'gneJ143': 5, 'gneJ207': 1, 'gneJ208': 9, 'gneJ210': 7, 'gneJ255': 4, 'gneJ257': 6}, {'1863241632': 6, '2330725114': 3, '243351999': 5, '243641585': 49, '243749571': 54, '30503246': 2, '30624898': 11, '32564122': 3, '89127267': 10, '89173763': 9, '89173808': 12, 'cluster_1427494838_273472399': 9, 'cluster_1757124350_1757124352': 6, 'cluster_1863241547_1863241548_1976170214': 3, 'cluster_306484187_cluster_1200363791_1200363826_1200363834_1200363898_1200363927_1200363938_1200363947_1200364074_1200364103_1507566554_1507566556_255882157_306484190': 3, 'gneJ143': 5, 'gneJ207': 1, 'gneJ208': 12, 'gneJ210': 22, 'gneJ255': 4, 'gneJ257': 8}, 
58690.0, {'1863241632': -7, '2330725114': -2, '243351999': -4, '243641585': -47, '243749571': -45, '30503246': -2, '30624898': -8, '32564122': 5, '89127267': 2, '89173763': 1, '89173808': -11, 'cluster_1427494838_273472399': -9, 'cluster_1757124350_1757124352': -6, 'cluster_1863241547_1863241548_1976170214': 6, 'cluster_306484187_cluster_1200363791_1200363826_1200363834_1200363898_1200363927_1200363938_1200363947_1200364074_1200364103_1507566554_1507566556_255882157_306484190': -3, 'gneJ143': -3, 'gneJ207': 8, 'gneJ208': 19, 'gneJ210': -22, 'gneJ255': 4, 'gneJ257': -5}, {'1863241632': 5, '2330725114': 2, '243351999': 5, '243641585': 22, '243749571': 19, '30503246': 1, '30624898': 13, '32564122': 1, '89127267': 7, '89173763': 6, '89173808': 8, 'cluster_1427494838_273472399': 2, 'cluster_1757124350_1757124352': 6, 'cluster_1863241547_1863241548_1976170214': 2, 'cluster_306484187_cluster_1200363791_1200363826_1200363834_1200363898_1200363927_1200363938_1200363947_1200364074_1200364103_1507566554_1507566556_255882157_306484190': 2, 'gneJ143': 2, 'gneJ207': 1, 'gneJ208': 9, 'gneJ210': 7, 'gneJ255': 4, 'gneJ257': 6}, {'1863241632': 7, '2330725114': 3, '243351999': 5, '243641585': 49, '243749571': 55, '30503246': 2, '30624898': 13, '32564122': 3, '89127267': 11, '89173763': 9, '89173808': 12, 'cluster_1427494838_273472399': 9, 'cluster_1757124350_1757124352': 6, 'cluster_1863241547_1863241548_1976170214': 2, 'cluster_306484187_cluster_1200363791_1200363826_1200363834_1200363898_1200363927_1200363938_1200363947_1200364074_1200364103_1507566554_1507566556_255882157_306484190': 3, 'gneJ143': 3, 'gneJ207': 1, 'gneJ208': 12, 'gneJ210': 22, 'gneJ255': 4, 'gneJ257': 8}, 
58700.0, {'1863241632': -4, '2330725114': -3, '243351999': -5, '243641585': -47, '243749571': -45, '30503246': -2, '30624898': -11, '32564122': 5, '89127267': 4, '89173763': 1, '89173808': -11, 'cluster_1427494838_273472399': -9, 'cluster_1757124350_1757124352': -6, 'cluster_1863241547_1863241548_1976170214': 4, 'cluster_306484187_cluster_1200363791_1200363826_1200363834_1200363898_1200363927_1200363938_1200363947_1200364074_1200364103_1507566554_1507566556_255882157_306484190': -3, 'gneJ143': -3, 'gneJ207': 7, 'gneJ208': 19, 'gneJ210': -22, 'gneJ255': 4, 'gneJ257': -5}, {'1863241632': 5, '2330725114': 2, '243351999': 6, '243641585': 22, '243749571': 19, '30503246': 1, '30624898': 16, '32564122': 1, '89127267': 8, '89173763': 6, '89173808': 8, 'cluster_1427494838_273472399': 2, 'cluster_1757124350_1757124352': 6, 'cluster_1863241547_1863241548_1976170214': 2, 'cluster_306484187_cluster_1200363791_1200363826_1200363834_1200363898_1200363927_1200363938_1200363947_1200364074_1200364103_1507566554_1507566556_255882157_306484190': 2, 'gneJ143': 3, 'gneJ207': 1, 'gneJ208': 9, 'gneJ210': 7, 'gneJ255': 4, 'gneJ257': 6}, {'1863241632': 6, '2330725114': 3, '243351999': 6, '243641585': 49, '243749571': 55, '30503246': 2, '30624898': 16, '32564122': 3, '89127267': 12, '89173763': 9, '89173808': 12, 'cluster_1427494838_273472399': 9, 'cluster_1757124350_1757124352': 6, 'cluster_1863241547_1863241548_1976170214': 4, 'cluster_306484187_cluster_1200363791_1200363826_1200363834_1200363898_1200363927_1200363938_1200363947_1200364074_1200364103_1507566554_1507566556_255882157_306484190': 3, 'gneJ143': 3, 'gneJ207': 1, 'gneJ208': 12, 'gneJ210': 22, 'gneJ255': 4, 'gneJ257': 8}, 
58710.0, {'1863241632': -6, '2330725114': -3, '243351999': -6, '243641585': -47, '243749571': -45, '30503246': -2, '30624898': -12, '32564122': 5, '89127267': 5, '89173763': 1, '89173808': -11, 'cluster_1427494838_273472399': -9, 'cluster_1757124350_1757124352': -6, 'cluster_1863241547_1863241548_1976170214': 6, 'cluster_306484187_cluster_1200363791_1200363826_1200363834_1200363898_1200363927_1200363938_1200363947_1200364074_1200364103_1507566554_1507566556_255882157_306484190': -3, 'gneJ143': -4, 'gneJ207': 7, 'gneJ208': 19, 'gneJ210': -22, 'gneJ255': 4, 'gneJ257': -5}, {'1863241632': 5, '2330725114': 2, '243351999': 7, '243641585': 22, '243749571': 19, '30503246': 1, '30624898': 17, '32564122': 1, '89127267': 8, '89173763': 6, '89173808': 8, 'cluster_1427494838_273472399': 2, 'cluster_1757124350_1757124352': 6, 'cluster_1863241547_1863241548_1976170214': 2, 'cluster_306484187_cluster_1200363791_1200363826_1200363834_1200363898_1200363927_1200363938_1200363947_1200364074_1200364103_1507566554_1507566556_255882157_306484190': 2, 'gneJ143': 4, 'gneJ207': 1, 'gneJ208': 9, 'gneJ210': 7, 'gneJ255': 4, 'gneJ257': 6}, {'1863241632': 6, '2330725114': 3, '243351999': 7, '243641585': 49, '243749571': 55, '30503246': 2, '30624898': 17, '32564122': 3, '89127267': 12, '89173763': 9, '89173808': 12, 'cluster_1427494838_273472399': 9, 'cluster_1757124350_1757124352': 6, 'cluster_1863241547_1863241548_1976170214': 2, 'cluster_306484187_cluster_1200363791_1200363826_1200363834_1200363898_1200363927_1200363938_1200363947_1200364074_1200364103_1507566554_1507566556_255882157_306484190': 3, 'gneJ143': 4, 'gneJ207': 1, 'gneJ208': 12, 'gneJ210': 22, 'gneJ255': 4, 'gneJ257': 8}, 
58720.0, {'1863241632': -4, '2330725114': -3, '243351999': -6, '243641585': -47, '243749571': -45, '30503246': -2, '30624898': -12, '32564122': 5, '89127267': 5, '89173763': 1, '89173808': -11, 'cluster_1427494838_273472399': -9, 'cluster_1757124350_1757124352': -6, 'cluster_1863241547_1863241548_1976170214': 4, 'cluster_306484187_cluster_1200363791_1200363826_1200363834_1200363898_1200363927_1200363938_1200363947_1200364074_1200364103_1507566554_1507566556_255882157_306484190': -3, 'gneJ143': -4, 'gneJ207': 7, 'gneJ208': 19, 'gneJ210': -22, 'gneJ255': 4, 'gneJ257': -5}, {'1863241632': 5, '2330725114': 2, '243351999': 7, '243641585': 22, '243749571': 19, '30503246': 1, '30624898': 17, '32564122': 1, '89127267': 8, '89173763': 6, '89173808': 8, 'cluster_1427494838_273472399': 2, 'cluster_1757124350_1757124352': 6, 'cluster_1863241547_1863241548_1976170214': 2, 'cluster_306484187_cluster_1200363791_1200363826_1200363834_1200363898_1200363927_1200363938_1200363947_1200364074_1200364103_1507566554_1507566556_255882157_306484190': 2, 'gneJ143': 4, 'gneJ207': 1, 'gneJ208': 9, 'gneJ210': 7, 'gneJ255': 4, 'gneJ257': 6}, {'1863241632': 6, '2330725114': 3, '243351999': 7, '243641585': 49, '243749571': 55, '30503246': 2, '30624898': 17, '32564122': 3, '89127267': 12, '89173763': 9, '89173808': 12, 'cluster_1427494838_273472399': 9, 'cluster_1757124350_1757124352': 6, 'cluster_1863241547_1863241548_1976170214': 4, 'cluster_306484187_cluster_1200363791_1200363826_1200363834_1200363898_1200363927_1200363938_1200363947_1200364074_1200364103_1507566554_1507566556_255882157_306484190': 3, 'gneJ143': 4, 'gneJ207': 1, 'gneJ208': 12, 'gneJ210': 22, 'gneJ255': 4, 'gneJ257': 8}, 
58730.0, {'1863241632': -6, '2330725114': -3, '243351999': -6, '243641585': -47, '243749571': -45, '30503246': -2, '30624898': -12, '32564122': 5, '89127267': 5, '89173763': 1, '89173808': -11, 'cluster_1427494838_273472399': -9, 'cluster_1757124350_1757124352': -4, 'cluster_1863241547_1863241548_1976170214': 6, 'cluster_306484187_cluster_1200363791_1200363826_1200363834_1200363898_1200363927_1200363938_1200363947_1200364074_1200364103_1507566554_1507566556_255882157_306484190': -3, 'gneJ143': -5, 'gneJ207': 8, 'gneJ208': 19, 'gneJ210': -22, 'gneJ255': 4, 'gneJ257': -5}, {'1863241632': 5, '2330725114': 2, '243351999': 7, '243641585': 22, '243749571': 19, '30503246': 1, '30624898': 17, '32564122': 1, '89127267': 8, '89173763': 6, '89173808': 8, 'cluster_1427494838_273472399': 2, 'cluster_1757124350_1757124352': 6, 'cluster_1863241547_1863241548_1976170214': 2, 'cluster_306484187_cluster_1200363791_1200363826_1200363834_1200363898_1200363927_1200363938_1200363947_1200364074_1200364103_1507566554_1507566556_255882157_306484190': 2, 'gneJ143': 2, 'gneJ207': 1, 'gneJ208': 9, 'gneJ210': 7, 'gneJ255': 4, 'gneJ257': 6}, {'1863241632': 6, '2330725114': 3, '243351999': 7, '243641585': 49, '243749571': 55, '30503246': 2, '30624898': 17, '32564122': 3, '89127267': 12, '89173763': 9, '89173808': 12, 'cluster_1427494838_273472399': 9, 'cluster_1757124350_1757124352': 6, 'cluster_1863241547_1863241548_1976170214': 2, 'cluster_306484187_cluster_1200363791_1200363826_1200363834_1200363898_1200363927_1200363938_1200363947_1200364074_1200364103_1507566554_1507566556_255882157_306484190': 3, 'gneJ143': 5, 'gneJ207': 1, 'gneJ208': 12, 'gneJ210': 22, 'gneJ255': 4, 'gneJ257': 8}, 
58740.0, {'1863241632': -5, '2330725114': -2, '243351999': -5, '243641585': -47, '243749571': -45, '30503246': -2, '30624898': -12, '32564122': 5, '89127267': 5, '89173763': 2, '89173808': -11, 'cluster_1427494838_273472399': -9, 'cluster_1757124350_1757124352': -2, 'cluster_1863241547_1863241548_1976170214': 4, 'cluster_306484187_cluster_1200363791_1200363826_1200363834_1200363898_1200363927_1200363938_1200363947_1200364074_1200364103_1507566554_1507566556_255882157_306484190': -3, 'gneJ143': -5, 'gneJ207': 8, 'gneJ208': 19, 'gneJ210': -22, 'gneJ255': 4, 'gneJ257': -5}, {'1863241632': 5, '2330725114': 2, '243351999': 5, '243641585': 22, '243749571': 19, '30503246': 1, '30624898': 17, '32564122': 1, '89127267': 8, '89173763': 6, '89173808': 8, 'cluster_1427494838_273472399': 2, 'cluster_1757124350_1757124352': 6, 'cluster_1863241547_1863241548_1976170214': 2, 'cluster_306484187_cluster_1200363791_1200363826_1200363834_1200363898_1200363927_1200363938_1200363947_1200364074_1200364103_1507566554_1507566556_255882157_306484190': 2, 'gneJ143': 3, 'gneJ207': 1, 'gneJ208': 9, 'gneJ210': 7, 'gneJ255': 4, 'gneJ257': 6}, {'1863241632': 7, '2330725114': 3, '243351999': 6, '243641585': 49, '243749571': 55, '30503246': 2, '30624898': 17, '32564122': 3, '89127267': 12, '89173763': 9, '89173808': 12, 'cluster_1427494838_273472399': 9, 'cluster_1757124350_1757124352': 6, 'cluster_1863241547_1863241548_1976170214': 4, 'cluster_306484187_cluster_1200363791_1200363826_1200363834_1200363898_1200363927_1200363938_1200363947_1200364074_1200364103_1507566554_1507566556_255882157_306484190': 3, 'gneJ143': 5, 'gneJ207': 1, 'gneJ208': 12, 'gneJ210': 22, 'gneJ255': 4, 'gneJ257': 8}, 
58750.0, {'1863241632': -7, '2330725114': -2, '243351999': -4, '243641585': -47, '243749571': -45, '30503246': -2, '30624898': -17, '32564122': 5, '89127267': 5, '89173763': 1, '89173808': -6, 'cluster_1427494838_273472399': -9, 'cluster_1757124350_1757124352': -6, 'cluster_1863241547_1863241548_1976170214': 6, 'cluster_306484187_cluster_1200363791_1200363826_1200363834_1200363898_1200363927_1200363938_1200363947_1200364074_1200364103_1507566554_1507566556_255882157_306484190': -3, 'gneJ143': -3, 'gneJ207': 4, 'gneJ208': 19, 'gneJ210': -22, 'gneJ255': 4, 'gneJ257': -5}, {'1863241632': 5, '2330725114': 2, '243351999': 5, '243641585': 22, '243749571': 19, '30503246': 1, '30624898': 17, '32564122': 1, '89127267': 8, '89173763': 6, '89173808': 5, 'cluster_1427494838_273472399': 2, 'cluster_1757124350_1757124352': 6, 'cluster_1863241547_1863241548_1976170214': 2, 'cluster_306484187_cluster_1200363791_1200363826_1200363834_1200363898_1200363927_1200363938_1200363947_1200364074_1200364103_1507566554_1507566556_255882157_306484190': 2, 'gneJ143': 3, 'gneJ207': 1, 'gneJ208': 9, 'gneJ210': 7, 'gneJ255': 4, 'gneJ257': 6}, {'1863241632': 7, '2330725114': 3, '243351999': 5, '243641585': 49, '243749571': 55, '30503246': 2, '30624898': 22, '32564122': 3, '89127267': 12, '89173763': 9, '89173808': 7, 'cluster_1427494838_273472399': 9, 'cluster_1757124350_1757124352': 6, 'cluster_1863241547_1863241548_1976170214': 2, 'cluster_306484187_cluster_1200363791_1200363826_1200363834_1200363898_1200363927_1200363938_1200363947_1200364074_1200364103_1507566554_1507566556_255882157_306484190': 3, 'gneJ143': 3, 'gneJ207': 1, 'gneJ208': 12, 'gneJ210': 22, 'gneJ255': 4, 'gneJ257': 8}, 
58760.0, {'1863241632': -6, '2330725114': -2, '243351999': -6, '243641585': -47, '243749571': -45, '30503246': -2, '30624898': -21, '32564122': 5, '89127267': 3, '89173763': 1, '89173808': -7, 'cluster_1427494838_273472399': -9, 'cluster_1757124350_1757124352': -6, 'cluster_1863241547_1863241548_1976170214': 5, 'cluster_306484187_cluster_1200363791_1200363826_1200363834_1200363898_1200363927_1200363938_1200363947_1200364074_1200364103_1507566554_1507566556_255882157_306484190': -3, 'gneJ143': -1, 'gneJ207': 5, 'gneJ208': 19, 'gneJ210': -22, 'gneJ255': 4, 'gneJ257': -5}, {'1863241632': 5, '2330725114': 2, '243351999': 7, '243641585': 22, '243749571': 19, '30503246': 1, '30624898': 17, '32564122': 1, '89127267': 10, '89173763': 6, '89173808': 5, 'cluster_1427494838_273472399': 2, 'cluster_1757124350_1757124352': 6, 'cluster_1863241547_1863241548_1976170214': 2, 'cluster_306484187_cluster_1200363791_1200363826_1200363834_1200363898_1200363927_1200363938_1200363947_1200364074_1200364103_1507566554_1507566556_255882157_306484190': 2, 'gneJ143': 1, 'gneJ207': 1, 'gneJ208': 9, 'gneJ210': 7, 'gneJ255': 4, 'gneJ257': 6}, {'1863241632': 7, '2330725114': 3, '243351999': 7, '243641585': 49, '243749571': 55, '30503246': 2, '30624898': 26, '32564122': 3, '89127267': 14, '89173763': 9, '89173808': 8, 'cluster_1427494838_273472399': 9, 'cluster_1757124350_1757124352': 6, 'cluster_1863241547_1863241548_1976170214': 3, 'cluster_306484187_cluster_1200363791_1200363826_1200363834_1200363898_1200363927_1200363938_1200363947_1200364074_1200364103_1507566554_1507566556_255882157_306484190': 3, 'gneJ143': 1, 'gneJ207': 1, 'gneJ208': 12, 'gneJ210': 22, 'gneJ255': 4, 'gneJ257': 8}, 
58770.0, {'1863241632': -6, '2330725114': -3, '243351999': -6, '243641585': -47, '243749571': -45, '30503246': -2, '30624898': -23, '32564122': 5, '89127267': 3, '89173763': 1, '89173808': -12, 'cluster_1427494838_273472399': -9, 'cluster_1757124350_1757124352': -6, 'cluster_1863241547_1863241548_1976170214': 6, 'cluster_306484187_cluster_1200363791_1200363826_1200363834_1200363898_1200363927_1200363938_1200363947_1200364074_1200364103_1507566554_1507566556_255882157_306484190': -3, 'gneJ143': -2, 'gneJ207': 7, 'gneJ208': 19, 'gneJ210': -22, 'gneJ255': 4, 'gneJ257': -5}, {'1863241632': 5, '2330725114': 2, '243351999': 7, '243641585': 22, '243749571': 19, '30503246': 1, '30624898': 17, '32564122': 1, '89127267': 10, '89173763': 6, '89173808': 8, 'cluster_1427494838_273472399': 2, 'cluster_1757124350_1757124352': 6, 'cluster_1863241547_1863241548_1976170214': 2, 'cluster_306484187_cluster_1200363791_1200363826_1200363834_1200363898_1200363927_1200363938_1200363947_1200364074_1200364103_1507566554_1507566556_255882157_306484190': 2, 'gneJ143': 2, 'gneJ207': 1, 'gneJ208': 9, 'gneJ210': 7, 'gneJ255': 4, 'gneJ257': 6}, {'1863241632': 6, '2330725114': 3, '243351999': 7, '243641585': 49, '243749571': 55, '30503246': 2, '30624898': 28, '32564122': 3, '89127267': 14, '89173763': 9, '89173808': 13, 'cluster_1427494838_273472399': 9, 'cluster_1757124350_1757124352': 6, 'cluster_1863241547_1863241548_1976170214': 2, 'cluster_306484187_cluster_1200363791_1200363826_1200363834_1200363898_1200363927_1200363938_1200363947_1200364074_1200364103_1507566554_1507566556_255882157_306484190': 3, 'gneJ143': 2, 'gneJ207': 1, 'gneJ208': 12, 'gneJ210': 22, 'gneJ255': 4, 'gneJ257': 8}, 
58780.0, {'1863241632': -5, '2330725114': -3, '243351999': -6, '243641585': -47, '243749571': -45, '30503246': -2, '30624898': -23, '32564122': 5, '89127267': -1, '89173763': 1, '89173808': -12, 'cluster_1427494838_273472399': -9, 'cluster_1757124350_1757124352': -6, 'cluster_1863241547_1863241548_1976170214': 5, 'cluster_306484187_cluster_1200363791_1200363826_1200363834_1200363898_1200363927_1200363938_1200363947_1200364074_1200364103_1507566554_1507566556_255882157_306484190': -3, 'gneJ143': -5, 'gneJ207': 7, 'gneJ208': 19, 'gneJ210': -22, 'gneJ255': 4, 'gneJ257': -5}, {'1863241632': 5, '2330725114': 2, '243351999': 7, '243641585': 22, '243749571': 19, '30503246': 1, '30624898': 17, '32564122': 1, '89127267': 14, '89173763': 6, '89173808': 8, 'cluster_1427494838_273472399': 2, 'cluster_1757124350_1757124352': 6, 'cluster_1863241547_1863241548_1976170214': 2, 'cluster_306484187_cluster_1200363791_1200363826_1200363834_1200363898_1200363927_1200363938_1200363947_1200364074_1200364103_1507566554_1507566556_255882157_306484190': 2, 'gneJ143': 5, 'gneJ207': 1, 'gneJ208': 9, 'gneJ210': 7, 'gneJ255': 4, 'gneJ257': 6}, {'1863241632': 6, '2330725114': 3, '243351999': 7, '243641585': 49, '243749571': 55, '30503246': 2, '30624898': 28, '32564122': 3, '89127267': 18, '89173763': 9, '89173808': 13, 'cluster_1427494838_273472399': 9, 'cluster_1757124350_1757124352': 6, 'cluster_1863241547_1863241548_1976170214': 3, 'cluster_306484187_cluster_1200363791_1200363826_1200363834_1200363898_1200363927_1200363938_1200363947_1200364074_1200364103_1507566554_1507566556_255882157_306484190': 3, 'gneJ143': 5, 'gneJ207': 1, 'gneJ208': 12, 'gneJ210': 22, 'gneJ255': 4, 'gneJ257': 8}, 
58790.0, {'1863241632': -6, '2330725114': -3, '243351999': -6, '243641585': -47, '243749571': -44, '30503246': -2, '30624898': -23, '32564122': 5, '89127267': -1, '89173763': 1, '89173808': -12, 'cluster_1427494838_273472399': -9, 'cluster_1757124350_1757124352': -6, 'cluster_1863241547_1863241548_1976170214': 6, 'cluster_306484187_cluster_1200363791_1200363826_1200363834_1200363898_1200363927_1200363938_1200363947_1200364074_1200364103_1507566554_1507566556_255882157_306484190': -3, 'gneJ143': -5, 'gneJ207': 7, 'gneJ208': 18, 'gneJ210': -22, 'gneJ255': 4, 'gneJ257': -5}, {'1863241632': 5, '2330725114': 2, '243351999': 7, '243641585': 22, '243749571': 19, '30503246': 1, '30624898': 17, '32564122': 1, '89127267': 14, '89173763': 6, '89173808': 8, 'cluster_1427494838_273472399': 2, 'cluster_1757124350_1757124352': 6, 'cluster_1863241547_1863241548_1976170214': 2, 'cluster_306484187_cluster_1200363791_1200363826_1200363834_1200363898_1200363927_1200363938_1200363947_1200364074_1200364103_1507566554_1507566556_255882157_306484190': 2, 'gneJ143': 5, 'gneJ207': 1, 'gneJ208': 10, 'gneJ210': 7, 'gneJ255': 4, 'gneJ257': 6}, {'1863241632': 6, '2330725114': 3, '243351999': 7, '243641585': 49, '243749571': 55, '30503246': 2, '30624898': 28, '32564122': 3, '89127267': 18, '89173763': 9, '89173808': 13, 'cluster_1427494838_273472399': 9, 'cluster_1757124350_1757124352': 6, 'cluster_1863241547_1863241548_1976170214': 2, 'cluster_306484187_cluster_1200363791_1200363826_1200363834_1200363898_1200363927_1200363938_1200363947_1200364074_1200364103_1507566554_1507566556_255882157_306484190': 3, 'gneJ143': 5, 'gneJ207': 1, 'gneJ208': 13, 'gneJ210': 22, 'gneJ255': 4, 'gneJ257': 8}, 
58800.0, {'1863241632': -5, '2330725114': -3, '243351999': -6, '243641585': -47, '243749571': -44, '30503246': -2, '30624898': -23, '32564122': 5, '89127267': -1, '89173763': 1, '89173808': -12, 'cluster_1427494838_273472399': -9, 'cluster_1757124350_1757124352': -6, 'cluster_1863241547_1863241548_1976170214': 5, 'cluster_306484187_cluster_1200363791_1200363826_1200363834_1200363898_1200363927_1200363938_1200363947_1200364074_1200364103_1507566554_1507566556_255882157_306484190': -3, 'gneJ143': -5, 'gneJ207': 7, 'gneJ208': 18, 'gneJ210': -22, 'gneJ255': 4, 'gneJ257': -5}, {'1863241632': 5, '2330725114': 2, '243351999': 7, '243641585': 22, '243749571': 19, '30503246': 1, '30624898': 17, '32564122': 1, '89127267': 14, '89173763': 6, '89173808': 8, 'cluster_1427494838_273472399': 2, 'cluster_1757124350_1757124352': 6, 'cluster_1863241547_1863241548_1976170214': 2, 'cluster_306484187_cluster_1200363791_1200363826_1200363834_1200363898_1200363927_1200363938_1200363947_1200364074_1200364103_1507566554_1507566556_255882157_306484190': 2, 'gneJ143': 5, 'gneJ207': 1, 'gneJ208': 10, 'gneJ210': 7, 'gneJ255': 4, 'gneJ257': 6}, {'1863241632': 6, '2330725114': 3, '243351999': 7, '243641585': 49, '243749571': 55, '30503246': 2, '30624898': 28, '32564122': 3, '89127267': 18, '89173763': 9, '89173808': 13, 'cluster_1427494838_273472399': 9, 'cluster_1757124350_1757124352': 6, 'cluster_1863241547_1863241548_1976170214': 3, 'cluster_306484187_cluster_1200363791_1200363826_1200363834_1200363898_1200363927_1200363938_1200363947_1200364074_1200364103_1507566554_1507566556_255882157_306484190': 3, 'gneJ143': 5, 'gneJ207': 1, 'gneJ208': 13, 'gneJ210': 22, 'gneJ255': 4, 'gneJ257': 8}, 
58810.0, {'1863241632': -6, '2330725114': -3, '243351999': -6, '243641585': -47, '243749571': -44, '30503246': -2, '30624898': -23, '32564122': 5, '89127267': -1, '89173763': 1, '89173808': -12, 'cluster_1427494838_273472399': -9, 'cluster_1757124350_1757124352': -6, 'cluster_1863241547_1863241548_1976170214': 6, 'cluster_306484187_cluster_1200363791_1200363826_1200363834_1200363898_1200363927_1200363938_1200363947_1200364074_1200364103_1507566554_1507566556_255882157_306484190': -3, 'gneJ143': -3, 'gneJ207': 7, 'gneJ208': 18, 'gneJ210': -22, 'gneJ255': 4, 'gneJ257': -5}, {'1863241632': 5, '2330725114': 2, '243351999': 7, '243641585': 22, '243749571': 19, '30503246': 1, '30624898': 17, '32564122': 1, '89127267': 14, '89173763': 6, '89173808': 8, 'cluster_1427494838_273472399': 2, 'cluster_1757124350_1757124352': 6, 'cluster_1863241547_1863241548_1976170214': 2, 'cluster_306484187_cluster_1200363791_1200363826_1200363834_1200363898_1200363927_1200363938_1200363947_1200364074_1200364103_1507566554_1507566556_255882157_306484190': 2, 'gneJ143': 3, 'gneJ207': 1, 'gneJ208': 10, 'gneJ210': 7, 'gneJ255': 4, 'gneJ257': 6}, {'1863241632': 6, '2330725114': 3, '243351999': 7, '243641585': 49, '243749571': 55, '30503246': 2, '30624898': 28, '32564122': 3, '89127267': 18, '89173763': 9, '89173808': 13, 'cluster_1427494838_273472399': 9, 'cluster_1757124350_1757124352': 6, 'cluster_1863241547_1863241548_1976170214': 2, 'cluster_306484187_cluster_1200363791_1200363826_1200363834_1200363898_1200363927_1200363938_1200363947_1200364074_1200364103_1507566554_1507566556_255882157_306484190': 3, 'gneJ143': 3, 'gneJ207': 1, 'gneJ208': 13, 'gneJ210': 22, 'gneJ255': 4, 'gneJ257': 8}, 
58820.0, {'1863241632': -6, '2330725114': -2, '243351999': -9, '243641585': -47, '243749571': -44, '30503246': -2, '30624898': -23, '32564122': 5, '89127267': -1, '89173763': 1, '89173808': -12, 'cluster_1427494838_273472399': -9, 'cluster_1757124350_1757124352': -4, 'cluster_1863241547_1863241548_1976170214': 5, 'cluster_306484187_cluster_1200363791_1200363826_1200363834_1200363898_1200363927_1200363938_1200363947_1200364074_1200364103_1507566554_1507566556_255882157_306484190': 0, 'gneJ143': -3, 'gneJ207': 8, 'gneJ208': 18, 'gneJ210': -22, 'gneJ255': 4, 'gneJ257': -5}, {'1863241632': 5, '2330725114': 2, '243351999': 7, '243641585': 22, '243749571': 19, '30503246': 1, '30624898': 17, '32564122': 1, '89127267': 14, '89173763': 6, '89173808': 8, 'cluster_1427494838_273472399': 2, 'cluster_1757124350_1757124352': 6, 'cluster_1863241547_1863241548_1976170214': 2, 'cluster_306484187_cluster_1200363791_1200363826_1200363834_1200363898_1200363927_1200363938_1200363947_1200364074_1200364103_1507566554_1507566556_255882157_306484190': 2, 'gneJ143': 1, 'gneJ207': 1, 'gneJ208': 10, 'gneJ210': 7, 'gneJ255': 4, 'gneJ257': 6}, {'1863241632': 7, '2330725114': 3, '243351999': 10, '243641585': 49, '243749571': 55, '30503246': 2, '30624898': 28, '32564122': 3, '89127267': 18, '89173763': 9, '89173808': 13, 'cluster_1427494838_273472399': 9, 'cluster_1757124350_1757124352': 6, 'cluster_1863241547_1863241548_1976170214': 3, 'cluster_306484187_cluster_1200363791_1200363826_1200363834_1200363898_1200363927_1200363938_1200363947_1200364074_1200364103_1507566554_1507566556_255882157_306484190': 3, 'gneJ143': 3, 'gneJ207': 1, 'gneJ208': 13, 'gneJ210': 22, 'gneJ255': 4, 'gneJ257': 8}, 
58830.0, {'1863241632': -6, '2330725114': -3, '243351999': -9, '243641585': -47, '243749571': -44, '30503246': -2, '30624898': -23, '32564122': 5, '89127267': -2, '89173763': 1, '89173808': -12, 'cluster_1427494838_273472399': -9, 'cluster_1757124350_1757124352': -6, 'cluster_1863241547_1863241548_1976170214': 6, 'cluster_306484187_cluster_1200363791_1200363826_1200363834_1200363898_1200363927_1200363938_1200363947_1200364074_1200364103_1507566554_1507566556_255882157_306484190': 0, 'gneJ143': -2, 'gneJ207': 7, 'gneJ208': 18, 'gneJ210': -22, 'gneJ255': 4, 'gneJ257': -5}, {'1863241632': 5, '2330725114': 2, '243351999': 7, '243641585': 22, '243749571': 19, '30503246': 1, '30624898': 17, '32564122': 1, '89127267': 15, '89173763': 6, '89173808': 8, 'cluster_1427494838_273472399': 2, 'cluster_1757124350_1757124352': 6, 'cluster_1863241547_1863241548_1976170214': 2, 'cluster_306484187_cluster_1200363791_1200363826_1200363834_1200363898_1200363927_1200363938_1200363947_1200364074_1200364103_1507566554_1507566556_255882157_306484190': 2, 'gneJ143': 2, 'gneJ207': 1, 'gneJ208': 10, 'gneJ210': 7, 'gneJ255': 4, 'gneJ257': 6}, {'1863241632': 6, '2330725114': 3, '243351999': 10, '243641585': 49, '243749571': 55, '30503246': 2, '30624898': 28, '32564122': 3, '89127267': 19, '89173763': 9, '89173808': 13, 'cluster_1427494838_273472399': 9, 'cluster_1757124350_1757124352': 6, 'cluster_1863241547_1863241548_1976170214': 2, 'cluster_306484187_cluster_1200363791_1200363826_1200363834_1200363898_1200363927_1200363938_1200363947_1200364074_1200364103_1507566554_1507566556_255882157_306484190': 3, 'gneJ143': 2, 'gneJ207': 1, 'gneJ208': 13, 'gneJ210': 22, 'gneJ255': 4, 'gneJ257': 8}, 
58840.0, {'1863241632': -5, '2330725114': -3, '243351999': -9, '243641585': -47, '243749571': -44, '30503246': -2, '30624898': -23, '32564122': 5, '89127267': -3, '89173763': 1, '89173808': -12, 'cluster_1427494838_273472399': -9, 'cluster_1757124350_1757124352': -7, 'cluster_1863241547_1863241548_1976170214': 5, 'cluster_306484187_cluster_1200363791_1200363826_1200363834_1200363898_1200363927_1200363938_1200363947_1200364074_1200364103_1507566554_1507566556_255882157_306484190': 0, 'gneJ143': -5, 'gneJ207': 7, 'gneJ208': 18, 'gneJ210': -22, 'gneJ255': 4, 'gneJ257': -5}, {'1863241632': 5, '2330725114': 2, '243351999': 7, '243641585': 22, '243749571': 19, '30503246': 1, '30624898': 17, '32564122': 1, '89127267': 16, '89173763': 6, '89173808': 8, 'cluster_1427494838_273472399': 2, 'cluster_1757124350_1757124352': 7, 'cluster_1863241547_1863241548_1976170214': 2, 'cluster_306484187_cluster_1200363791_1200363826_1200363834_1200363898_1200363927_1200363938_1200363947_1200364074_1200364103_1507566554_1507566556_255882157_306484190': 2, 'gneJ143': 5, 'gneJ207': 1, 'gneJ208': 10, 'gneJ210': 7, 'gneJ255': 4, 'gneJ257': 6}, {'1863241632': 6, '2330725114': 3, '243351999': 10, '243641585': 49, '243749571': 55, '30503246': 2, '30624898': 28, '32564122': 3, '89127267': 20, '89173763': 9, '89173808': 13, 'cluster_1427494838_273472399': 9, 'cluster_1757124350_1757124352': 7, 'cluster_1863241547_1863241548_1976170214': 3, 'cluster_306484187_cluster_1200363791_1200363826_1200363834_1200363898_1200363927_1200363938_1200363947_1200364074_1200364103_1507566554_1507566556_255882157_306484190': 3, 'gneJ143': 5, 'gneJ207': 1, 'gneJ208': 13, 'gneJ210': 22, 'gneJ255': 4, 'gneJ257': 8}, 
58850.0, {'1863241632': -6, '2330725114': -3, '243351999': -6, '243641585': -47, '243749571': -44, '30503246': -2, '30624898': -23, '32564122': 5, '89127267': -4, '89173763': 1, '89173808': -6, 'cluster_1427494838_273472399': -9, 'cluster_1757124350_1757124352': -9, 'cluster_1863241547_1863241548_1976170214': 6, 'cluster_306484187_cluster_1200363791_1200363826_1200363834_1200363898_1200363927_1200363938_1200363947_1200364074_1200364103_1507566554_1507566556_255882157_306484190': -3, 'gneJ143': -5, 'gneJ207': 4, 'gneJ208': 18, 'gneJ210': -22, 'gneJ255': 4, 'gneJ257': -5}, {'1863241632': 5, '2330725114': 2, '243351999': 7, '243641585': 22, '243749571': 19, '30503246': 1, '30624898': 17, '32564122': 1, '89127267': 17, '89173763': 6, '89173808': 5, 'cluster_1427494838_273472399': 2, 'cluster_1757124350_1757124352': 9, 'cluster_1863241547_1863241548_1976170214': 2, 'cluster_306484187_cluster_1200363791_1200363826_1200363834_1200363898_1200363927_1200363938_1200363947_1200364074_1200364103_1507566554_1507566556_255882157_306484190': 2, 'gneJ143': 5, 'gneJ207': 1, 'gneJ208': 10, 'gneJ210': 7, 'gneJ255': 4, 'gneJ257': 6}, {'1863241632': 6, '2330725114': 3, '243351999': 7, '243641585': 49, '243749571': 55, '30503246': 2, '30624898': 28, '32564122': 3, '89127267': 21, '89173763': 9, '89173808': 7, 'cluster_1427494838_273472399': 9, 'cluster_1757124350_1757124352': 9, 'cluster_1863241547_1863241548_1976170214': 2, 'cluster_306484187_cluster_1200363791_1200363826_1200363834_1200363898_1200363927_1200363938_1200363947_1200364074_1200364103_1507566554_1507566556_255882157_306484190': 3, 'gneJ143': 5, 'gneJ207': 1, 'gneJ208': 13, 'gneJ210': 22, 'gneJ255': 4, 'gneJ257': 8}, 
58860.0, {'1863241632': -6, '2330725114': -2, '243351999': -6, '243641585': -47, '243749571': -44, '30503246': -2, '30624898': -23, '32564122': 5, '89127267': -4, '89173763': 1, '89173808': -7, 'cluster_1427494838_273472399': -9, 'cluster_1757124350_1757124352': -9, 'cluster_1863241547_1863241548_1976170214': 5, 'cluster_306484187_cluster_1200363791_1200363826_1200363834_1200363898_1200363927_1200363938_1200363947_1200364074_1200364103_1507566554_1507566556_255882157_306484190': -3, 'gneJ143': -5, 'gneJ207': 4, 'gneJ208': 18, 'gneJ210': -22, 'gneJ255': 4, 'gneJ257': -5}, {'1863241632': 5, '2330725114': 2, '243351999': 7, '243641585': 22, '243749571': 19, '30503246': 1, '30624898': 17, '32564122': 1, '89127267': 17, '89173763': 6, '89173808': 5, 'cluster_1427494838_273472399': 2, 'cluster_1757124350_1757124352': 9, 'cluster_1863241547_1863241548_1976170214': 2, 'cluster_306484187_cluster_1200363791_1200363826_1200363834_1200363898_1200363927_1200363938_1200363947_1200364074_1200364103_1507566554_1507566556_255882157_306484190': 2, 'gneJ143': 5, 'gneJ207': 1, 'gneJ208': 10, 'gneJ210': 7, 'gneJ255': 4, 'gneJ257': 6}, {'1863241632': 7, '2330725114': 3, '243351999': 7, '243641585': 49, '243749571': 55, '30503246': 2, '30624898': 28, '32564122': 3, '89127267': 21, '89173763': 9, '89173808': 8, 'cluster_1427494838_273472399': 9, 'cluster_1757124350_1757124352': 9, 'cluster_1863241547_1863241548_1976170214': 3, 'cluster_306484187_cluster_1200363791_1200363826_1200363834_1200363898_1200363927_1200363938_1200363947_1200364074_1200364103_1507566554_1507566556_255882157_306484190': 3, 'gneJ143': 5, 'gneJ207': 1, 'gneJ208': 13, 'gneJ210': 22, 'gneJ255': 4, 'gneJ257': 8}, 
58870.0, {'1863241632': -7, '2330725114': -2, '243351999': -6, '243641585': -47, '243749571': -44, '30503246': -2, '30624898': -23, '32564122': 5, '89127267': -4, '89173763': 1, '89173808': -15, 'cluster_1427494838_273472399': -9, 'cluster_1757124350_1757124352': -9, 'cluster_1863241547_1863241548_1976170214': 6, 'cluster_306484187_cluster_1200363791_1200363826_1200363834_1200363898_1200363927_1200363938_1200363947_1200364074_1200364103_1507566554_1507566556_255882157_306484190': -3, 'gneJ143': -5, 'gneJ207': 7, 'gneJ208': 18, 'gneJ210': -22, 'gneJ255': 4, 'gneJ257': -5}, {'1863241632': 5, '2330725114': 2, '243351999': 7, '243641585': 22, '243749571': 19, '30503246': 1, '30624898': 17, '32564122': 1, '89127267': 17, '89173763': 6, '89173808': 8, 'cluster_1427494838_273472399': 2, 'cluster_1757124350_1757124352': 9, 'cluster_1863241547_1863241548_1976170214': 2, 'cluster_306484187_cluster_1200363791_1200363826_1200363834_1200363898_1200363927_1200363938_1200363947_1200364074_1200364103_1507566554_1507566556_255882157_306484190': 2, 'gneJ143': 5, 'gneJ207': 1, 'gneJ208': 10, 'gneJ210': 7, 'gneJ255': 4, 'gneJ257': 6}, {'1863241632': 7, '2330725114': 3, '243351999': 7, '243641585': 49, '243749571': 55, '30503246': 2, '30624898': 28, '32564122': 3, '89127267': 21, '89173763': 9, '89173808': 16, 'cluster_1427494838_273472399': 9, 'cluster_1757124350_1757124352': 9, 'cluster_1863241547_1863241548_1976170214': 2, 'cluster_306484187_cluster_1200363791_1200363826_1200363834_1200363898_1200363927_1200363938_1200363947_1200364074_1200364103_1507566554_1507566556_255882157_306484190': 3, 'gneJ143': 5, 'gneJ207': 1, 'gneJ208': 13, 'gneJ210': 22, 'gneJ255': 4, 'gneJ257': 8}, 
58880.0, {'1863241632': -6, '2330725114': -2, '243351999': -9, '243641585': -47, '243749571': -44, '30503246': -2, '30624898': -23, '32564122': 5, '89127267': -4, '89173763': 1, '89173808': -15, 'cluster_1427494838_273472399': -9, 'cluster_1757124350_1757124352': -9, 'cluster_1863241547_1863241548_1976170214': 5, 'cluster_306484187_cluster_1200363791_1200363826_1200363834_1200363898_1200363927_1200363938_1200363947_1200364074_1200364103_1507566554_1507566556_255882157_306484190': 0, 'gneJ143': -5, 'gneJ207': 7, 'gneJ208': 18, 'gneJ210': -22, 'gneJ255': 4, 'gneJ257': -5}, {'1863241632': 5, '2330725114': 2, '243351999': 7, '243641585': 22, '243749571': 19, '30503246': 1, '30624898': 17, '32564122': 1, '89127267': 17, '89173763': 6, '89173808': 8, 'cluster_1427494838_273472399': 2, 'cluster_1757124350_1757124352': 9, 'cluster_1863241547_1863241548_1976170214': 2, 'cluster_306484187_cluster_1200363791_1200363826_1200363834_1200363898_1200363927_1200363938_1200363947_1200364074_1200364103_1507566554_1507566556_255882157_306484190': 2, 'gneJ143': 5, 'gneJ207': 1, 'gneJ208': 10, 'gneJ210': 7, 'gneJ255': 4, 'gneJ257': 6}, {'1863241632': 7, '2330725114': 3, '243351999': 10, '243641585': 49, '243749571': 55, '30503246': 2, '30624898': 28, '32564122': 3, '89127267': 21, '89173763': 9, '89173808': 16, 'cluster_1427494838_273472399': 9, 'cluster_1757124350_1757124352': 9, 'cluster_1863241547_1863241548_1976170214': 3, 'cluster_306484187_cluster_1200363791_1200363826_1200363834_1200363898_1200363927_1200363938_1200363947_1200364074_1200364103_1507566554_1507566556_255882157_306484190': 3, 'gneJ143': 5, 'gneJ207': 1, 'gneJ208': 13, 'gneJ210': 22, 'gneJ255': 4, 'gneJ257': 8}, 
58890.0, {'1863241632': -7, '2330725114': -2, '243351999': -10, '243641585': -47, '243749571': -44, '30503246': -2, '30624898': -23, '32564122': 5, '89127267': -4, '89173763': 1, '89173808': -15, 'cluster_1427494838_273472399': -9, 'cluster_1757124350_1757124352': -9, 'cluster_1863241547_1863241548_1976170214': 5, 'cluster_306484187_cluster_1200363791_1200363826_1200363834_1200363898_1200363927_1200363938_1200363947_1200364074_1200364103_1507566554_1507566556_255882157_306484190': 1, 'gneJ143': -5, 'gneJ207': 7, 'gneJ208': 18, 'gneJ210': -22, 'gneJ255': 4, 'gneJ257': -5}, {'1863241632': 5, '2330725114': 2, '243351999': 7, '243641585': 22, '243749571': 19, '30503246': 1, '30624898': 17, '32564122': 1, '89127267': 17, '89173763': 6, '89173808': 8, 'cluster_1427494838_273472399': 2, 'cluster_1757124350_1757124352': 9, 'cluster_1863241547_1863241548_1976170214': 2, 'cluster_306484187_cluster_1200363791_1200363826_1200363834_1200363898_1200363927_1200363938_1200363947_1200364074_1200364103_1507566554_1507566556_255882157_306484190': 2, 'gneJ143': 5, 'gneJ207': 1, 'gneJ208': 10, 'gneJ210': 7, 'gneJ255': 4, 'gneJ257': 6}, {'1863241632': 7, '2330725114': 3, '243351999': 11, '243641585': 49, '243749571': 55, '30503246': 2, '30624898': 28, '32564122': 3, '89127267': 21, '89173763': 9, '89173808': 16, 'cluster_1427494838_273472399': 9, 'cluster_1757124350_1757124352': 9, 'cluster_1863241547_1863241548_1976170214': 3, 'cluster_306484187_cluster_1200363791_1200363826_1200363834_1200363898_1200363927_1200363938_1200363947_1200364074_1200364103_1507566554_1507566556_255882157_306484190': 3, 'gneJ143': 5, 'gneJ207': 1, 'gneJ208': 13, 'gneJ210': 22, 'gneJ255': 4, 'gneJ257': 8}, 
58900.0, {'1863241632': -5, '2330725114': -2, '243351999': -10, '243641585': -47, '243749571': -44, '30503246': -2, '30624898': -23, '32564122': 5, '89127267': -4, '89173763': 1, '89173808': -15, 'cluster_1427494838_273472399': -9, 'cluster_1757124350_1757124352': -9, 'cluster_1863241547_1863241548_1976170214': 4, 'cluster_306484187_cluster_1200363791_1200363826_1200363834_1200363898_1200363927_1200363938_1200363947_1200364074_1200364103_1507566554_1507566556_255882157_306484190': 1, 'gneJ143': -5, 'gneJ207': 7, 'gneJ208': 18, 'gneJ210': -22, 'gneJ255': 4, 'gneJ257': -5}, {'1863241632': 5, '2330725114': 2, '243351999': 7, '243641585': 22, '243749571': 19, '30503246': 1, '30624898': 17, '32564122': 1, '89127267': 17, '89173763': 6, '89173808': 8, 'cluster_1427494838_273472399': 2, 'cluster_1757124350_1757124352': 9, 'cluster_1863241547_1863241548_1976170214': 2, 'cluster_306484187_cluster_1200363791_1200363826_1200363834_1200363898_1200363927_1200363938_1200363947_1200364074_1200364103_1507566554_1507566556_255882157_306484190': 2, 'gneJ143': 5, 'gneJ207': 1, 'gneJ208': 10, 'gneJ210': 7, 'gneJ255': 4, 'gneJ257': 6}, {'1863241632': 7, '2330725114': 3, '243351999': 11, '243641585': 49, '243749571': 55, '30503246': 2, '30624898': 28, '32564122': 3, '89127267': 21, '89173763': 9, '89173808': 16, 'cluster_1427494838_273472399': 9, 'cluster_1757124350_1757124352': 9, 'cluster_1863241547_1863241548_1976170214': 4, 'cluster_306484187_cluster_1200363791_1200363826_1200363834_1200363898_1200363927_1200363938_1200363947_1200364074_1200364103_1507566554_1507566556_255882157_306484190': 3, 'gneJ143': 5, 'gneJ207': 1, 'gneJ208': 13, 'gneJ210': 22, 'gneJ255': 4, 'gneJ257': 8}, 
58910.0, {'1863241632': -8, '2330725114': -2, '243351999': -7, '243641585': -47, '243749571': -44, '30503246': -2, '30624898': -23, '32564122': 5, '89127267': -4, '89173763': 1, '89173808': -15, 'cluster_1427494838_273472399': -9, 'cluster_1757124350_1757124352': -9, 'cluster_1863241547_1863241548_1976170214': 7, 'cluster_306484187_cluster_1200363791_1200363826_1200363834_1200363898_1200363927_1200363938_1200363947_1200364074_1200364103_1507566554_1507566556_255882157_306484190': 1, 'gneJ143': -5, 'gneJ207': 7, 'gneJ208': 18, 'gneJ210': -22, 'gneJ255': 4, 'gneJ257': -5}, {'1863241632': 5, '2330725114': 2, '243351999': 4, '243641585': 22, '243749571': 19, '30503246': 1, '30624898': 17, '32564122': 1, '89127267': 17, '89173763': 6, '89173808': 8, 'cluster_1427494838_273472399': 2, 'cluster_1757124350_1757124352': 9, 'cluster_1863241547_1863241548_1976170214': 2, 'cluster_306484187_cluster_1200363791_1200363826_1200363834_1200363898_1200363927_1200363938_1200363947_1200364074_1200364103_1507566554_1507566556_255882157_306484190': 2, 'gneJ143': 5, 'gneJ207': 1, 'gneJ208': 10, 'gneJ210': 7, 'gneJ255': 4, 'gneJ257': 6}, {'1863241632': 8, '2330725114': 3, '243351999': 8, '243641585': 49, '243749571': 55, '30503246': 2, '30624898': 28, '32564122': 3, '89127267': 21, '89173763': 9, '89173808': 16, 'cluster_1427494838_273472399': 9, 'cluster_1757124350_1757124352': 9, 'cluster_1863241547_1863241548_1976170214': 2, 'cluster_306484187_cluster_1200363791_1200363826_1200363834_1200363898_1200363927_1200363938_1200363947_1200364074_1200364103_1507566554_1507566556_255882157_306484190': 3, 'gneJ143': 5, 'gneJ207': 1, 'gneJ208': 13, 'gneJ210': 22, 'gneJ255': 4, 'gneJ257': 8}, 
58920.0, {'1863241632': -4, '2330725114': -5, '243351999': -4, '243641585': -47, '243749571': -44, '30503246': -2, '30624898': -23, '32564122': 5, '89127267': -4, '89173763': 2, '89173808': -15, 'cluster_1427494838_273472399': -9, 'cluster_1757124350_1757124352': -6, 'cluster_1863241547_1863241548_1976170214': 5, 'cluster_306484187_cluster_1200363791_1200363826_1200363834_1200363898_1200363927_1200363938_1200363947_1200364074_1200364103_1507566554_1507566556_255882157_306484190': 1, 'gneJ143': -8, 'gneJ207': 7, 'gneJ208': 18, 'gneJ210': -22, 'gneJ255': 4, 'gneJ257': -5}, {'1863241632': 5, '2330725114': 2, '243351999': 4, '243641585': 22, '243749571': 19, '30503246': 1, '30624898': 17, '32564122': 1, '89127267': 17, '89173763': 6, '89173808': 8, 'cluster_1427494838_273472399': 2, 'cluster_1757124350_1757124352': 9, 'cluster_1863241547_1863241548_1976170214': 2, 'cluster_306484187_cluster_1200363791_1200363826_1200363834_1200363898_1200363927_1200363938_1200363947_1200364074_1200364103_1507566554_1507566556_255882157_306484190': 2, 'gneJ143': 5, 'gneJ207': 1, 'gneJ208': 10, 'gneJ210': 7, 'gneJ255': 4, 'gneJ257': 6}, {'1863241632': 6, '2330725114': 5, '243351999': 5, '243641585': 49, '243749571': 55, '30503246': 2, '30624898': 28, '32564122': 3, '89127267': 21, '89173763': 9, '89173808': 16, 'cluster_1427494838_273472399': 9, 'cluster_1757124350_1757124352': 9, 'cluster_1863241547_1863241548_1976170214': 3, 'cluster_306484187_cluster_1200363791_1200363826_1200363834_1200363898_1200363927_1200363938_1200363947_1200364074_1200364103_1507566554_1507566556_255882157_306484190': 3, 'gneJ143': 8, 'gneJ207': 1, 'gneJ208': 13, 'gneJ210': 22, 'gneJ255': 4, 'gneJ257': 8}, 
58930.0, {'1863241632': -5, '2330725114': -4, '243351999': -4, '243641585': -47, '243749571': -44, '30503246': -2, '30624898': -23, '32564122': 6, '89127267': -5, '89173763': 2, '89173808': -15, 'cluster_1427494838_273472399': -9, 'cluster_1757124350_1757124352': -9, 'cluster_1863241547_1863241548_1976170214': 6, 'cluster_306484187_cluster_1200363791_1200363826_1200363834_1200363898_1200363927_1200363938_1200363947_1200364074_1200364103_1507566554_1507566556_255882157_306484190': 1, 'gneJ143': -5, 'gneJ207': 7, 'gneJ208': 18, 'gneJ210': -22, 'gneJ255': 3, 'gneJ257': -5}, {'1863241632': 5, '2330725114': 2, '243351999': 4, '243641585': 22, '243749571': 19, '30503246': 1, '30624898': 17, '32564122': 1, '89127267': 18, '89173763': 6, '89173808': 8, 'cluster_1427494838_273472399': 2, 'cluster_1757124350_1757124352': 9, 'cluster_1863241547_1863241548_1976170214': 2, 'cluster_306484187_cluster_1200363791_1200363826_1200363834_1200363898_1200363927_1200363938_1200363947_1200364074_1200364103_1507566554_1507566556_255882157_306484190': 2, 'gneJ143': 5, 'gneJ207': 1, 'gneJ208': 10, 'gneJ210': 7, 'gneJ255': 4, 'gneJ257': 6}, {'1863241632': 6, '2330725114': 4, '243351999': 5, '243641585': 49, '243749571': 55, '30503246': 2, '30624898': 28, '32564122': 3, '89127267': 22, '89173763': 9, '89173808': 16, 'cluster_1427494838_273472399': 9, 'cluster_1757124350_1757124352': 9, 'cluster_1863241547_1863241548_1976170214': 2, 'cluster_306484187_cluster_1200363791_1200363826_1200363834_1200363898_1200363927_1200363938_1200363947_1200364074_1200364103_1507566554_1507566556_255882157_306484190': 3, 'gneJ143': 5, 'gneJ207': 1, 'gneJ208': 13, 'gneJ210': 22, 'gneJ255': 5, 'gneJ257': 8}, 
58940.0, {'1863241632': -3, '2330725114': -4, '243351999': -4, '243641585': -47, '243749571': -44, '30503246': -2, '30624898': -23, '32564122': 9, '89127267': -5, '89173763': 2, '89173808': -15, 'cluster_1427494838_273472399': -9, 'cluster_1757124350_1757124352': -9, 'cluster_1863241547_1863241548_1976170214': 4, 'cluster_306484187_cluster_1200363791_1200363826_1200363834_1200363898_1200363927_1200363938_1200363947_1200364074_1200364103_1507566554_1507566556_255882157_306484190': 1, 'gneJ143': -4, 'gneJ207': 8, 'gneJ208': 18, 'gneJ210': -22, 'gneJ255': 0, 'gneJ257': -5}, {'1863241632': 5, '2330725114': 2, '243351999': 4, '243641585': 22, '243749571': 19, '30503246': 1, '30624898': 17, '32564122': 1, '89127267': 18, '89173763': 6, '89173808': 8, 'cluster_1427494838_273472399': 2, 'cluster_1757124350_1757124352': 9, 'cluster_1863241547_1863241548_1976170214': 2, 'cluster_306484187_cluster_1200363791_1200363826_1200363834_1200363898_1200363927_1200363938_1200363947_1200364074_1200364103_1507566554_1507566556_255882157_306484190': 2, 'gneJ143': 3, 'gneJ207': 1, 'gneJ208': 10, 'gneJ210': 7, 'gneJ255': 4, 'gneJ257': 6}, {'1863241632': 7, '2330725114': 5, '243351999': 5, '243641585': 49, '243749571': 55, '30503246': 2, '30624898': 28, '32564122': 3, '89127267': 22, '89173763': 9, '89173808': 16, 'cluster_1427494838_273472399': 9, 'cluster_1757124350_1757124352': 9, 'cluster_1863241547_1863241548_1976170214': 4, 'cluster_306484187_cluster_1200363791_1200363826_1200363834_1200363898_1200363927_1200363938_1200363947_1200364074_1200364103_1507566554_1507566556_255882157_306484190': 3, 'gneJ143': 4, 'gneJ207': 1, 'gneJ208': 13, 'gneJ210': 22, 'gneJ255': 8, 'gneJ257': 8}, 
58950.0, {'1863241632': -6, '2330725114': -4, '243351999': -4, '243641585': -47, '243749571': -45, '30503246': -2, '30624898': -23, '32564122': 9, '89127267': -5, '89173763': 2, '89173808': -15, 'cluster_1427494838_273472399': -9, 'cluster_1757124350_1757124352': -10, 'cluster_1863241547_1863241548_1976170214': 7, 'cluster_306484187_cluster_1200363791_1200363826_1200363834_1200363898_1200363927_1200363938_1200363947_1200364074_1200364103_1507566554_1507566556_255882157_306484190': 1, 'gneJ143': -1, 'gneJ207': 9, 'gneJ208': 19, 'gneJ210': -22, 'gneJ255': 0, 'gneJ257': -5}, {'1863241632': 5, '2330725114': 2, '243351999': 4, '243641585': 22, '243749571': 20, '30503246': 1, '30624898': 17, '32564122': 1, '89127267': 18, '89173763': 6, '89173808': 8, 'cluster_1427494838_273472399': 2, 'cluster_1757124350_1757124352': 9, 'cluster_1863241547_1863241548_1976170214': 2, 'cluster_306484187_cluster_1200363791_1200363826_1200363834_1200363898_1200363927_1200363938_1200363947_1200364074_1200364103_1507566554_1507566556_255882157_306484190': 2, 'gneJ143': 1, 'gneJ207': 1, 'gneJ208': 10, 'gneJ210': 7, 'gneJ255': 4, 'gneJ257': 6}, {'1863241632': 8, '2330725114': 5, '243351999': 5, '243641585': 49, '243749571': 56, '30503246': 2, '30624898': 28, '32564122': 3, '89127267': 22, '89173763': 9, '89173808': 16, 'cluster_1427494838_273472399': 9, 'cluster_1757124350_1757124352': 10, 'cluster_1863241547_1863241548_1976170214': 2, 'cluster_306484187_cluster_1200363791_1200363826_1200363834_1200363898_1200363927_1200363938_1200363947_1200364074_1200364103_1507566554_1507566556_255882157_306484190': 3, 'gneJ143': 2, 'gneJ207': 1, 'gneJ208': 13, 'gneJ210': 22, 'gneJ255': 8, 'gneJ257': 8}, 
58960.0, {'1863241632': -3, '2330725114': -5, '243351999': -4, '243641585': -47, '243749571': -45, '30503246': -2, '30624898': -23, '32564122': 9, '89127267': -7, '89173763': 2, '89173808': -15, 'cluster_1427494838_273472399': -10, 'cluster_1757124350_1757124352': -10, 'cluster_1863241547_1863241548_1976170214': 5, 'cluster_306484187_cluster_1200363791_1200363826_1200363834_1200363898_1200363927_1200363938_1200363947_1200364074_1200364103_1507566554_1507566556_255882157_306484190': 0, 'gneJ143': -1, 'gneJ207': 6, 'gneJ208': 19, 'gneJ210': -22, 'gneJ255': 0, 'gneJ257': -5}, {'1863241632': 5, '2330725114': 2, '243351999': 4, '243641585': 22, '243749571': 20, '30503246': 1, '30624898': 17, '32564122': 1, '89127267': 20, '89173763': 6, '89173808': 8, 'cluster_1427494838_273472399': 2, 'cluster_1757124350_1757124352': 9, 'cluster_1863241547_1863241548_1976170214': 2, 'cluster_306484187_cluster_1200363791_1200363826_1200363834_1200363898_1200363927_1200363938_1200363947_1200364074_1200364103_1507566554_1507566556_255882157_306484190': 2, 'gneJ143': 2, 'gneJ207': 1, 'gneJ208': 10, 'gneJ210': 7, 'gneJ255': 4, 'gneJ257': 6}, {'1863241632': 7, '2330725114': 5, '243351999': 5, '243641585': 49, '243749571': 56, '30503246': 2, '30624898': 28, '32564122': 3, '89127267': 24, '89173763': 9, '89173808': 16, 'cluster_1427494838_273472399': 10, 'cluster_1757124350_1757124352': 10, 'cluster_1863241547_1863241548_1976170214': 4, 'cluster_306484187_cluster_1200363791_1200363826_1200363834_1200363898_1200363927_1200363938_1200363947_1200364074_1200364103_1507566554_1507566556_255882157_306484190': 4, 'gneJ143': 2, 'gneJ207': 2, 'gneJ208': 13, 'gneJ210': 22, 'gneJ255': 8, 'gneJ257': 8}, 
58970.0, {'1863241632': -5, '2330725114': -5, '243351999': -4, '243641585': -47, '243749571': -45, '30503246': -2, '30624898': -23, '32564122': 10, '89127267': -7, '89173763': 2, '89173808': -15, 'cluster_1427494838_273472399': -10, 'cluster_1757124350_1757124352': -9, 'cluster_1863241547_1863241548_1976170214': 7, 'cluster_306484187_cluster_1200363791_1200363826_1200363834_1200363898_1200363927_1200363938_1200363947_1200364074_1200364103_1507566554_1507566556_255882157_306484190': 1, 'gneJ143': -5, 'gneJ207': 5, 'gneJ208': 19, 'gneJ210': -22, 'gneJ255': -1, 'gneJ257': -5}, {'1863241632': 5, '2330725114': 2, '243351999': 4, '243641585': 22, '243749571': 20, '30503246': 1, '30624898': 17, '32564122': 1, '89127267': 20, '89173763': 6, '89173808': 8, 'cluster_1427494838_273472399': 2, 'cluster_1757124350_1757124352': 9, 'cluster_1863241547_1863241548_1976170214': 2, 'cluster_306484187_cluster_1200363791_1200363826_1200363834_1200363898_1200363927_1200363938_1200363947_1200364074_1200364103_1507566554_1507566556_255882157_306484190': 2, 'gneJ143': 5, 'gneJ207': 2, 'gneJ208': 10, 'gneJ210': 7, 'gneJ255': 4, 'gneJ257': 6}, {'1863241632': 7, '2330725114': 5, '243351999': 5, '243641585': 49, '243749571': 56, '30503246': 2, '30624898': 28, '32564122': 3, '89127267': 24, '89173763': 9, '89173808': 16, 'cluster_1427494838_273472399': 10, 'cluster_1757124350_1757124352': 9, 'cluster_1863241547_1863241548_1976170214': 2, 'cluster_306484187_cluster_1200363791_1200363826_1200363834_1200363898_1200363927_1200363938_1200363947_1200364074_1200364103_1507566554_1507566556_255882157_306484190': 3, 'gneJ143': 5, 'gneJ207': 3, 'gneJ208': 13, 'gneJ210': 22, 'gneJ255': 9, 'gneJ257': 8}, 
58980.0, {'1863241632': -4, '2330725114': -4, '243351999': -3, '243641585': -47, '243749571': -45, '30503246': -2, '30624898': -23, '32564122': 10, '89127267': -7, '89173763': 1, '89173808': -15, 'cluster_1427494838_273472399': -11, 'cluster_1757124350_1757124352': -9, 'cluster_1863241547_1863241548_1976170214': 5, 'cluster_306484187_cluster_1200363791_1200363826_1200363834_1200363898_1200363927_1200363938_1200363947_1200364074_1200364103_1507566554_1507566556_255882157_306484190': 1, 'gneJ143': -5, 'gneJ207': 5, 'gneJ208': 19, 'gneJ210': -22, 'gneJ255': -1, 'gneJ257': -5}, {'1863241632': 5, '2330725114': 2, '243351999': 4, '243641585': 22, '243749571': 20, '30503246': 1, '30624898': 17, '32564122': 1, '89127267': 20, '89173763': 6, '89173808': 8, 'cluster_1427494838_273472399': 3, 'cluster_1757124350_1757124352': 9, 'cluster_1863241547_1863241548_1976170214': 2, 'cluster_306484187_cluster_1200363791_1200363826_1200363834_1200363898_1200363927_1200363938_1200363947_1200364074_1200364103_1507566554_1507566556_255882157_306484190': 2, 'gneJ143': 5, 'gneJ207': 2, 'gneJ208': 10, 'gneJ210': 7, 'gneJ255': 4, 'gneJ257': 6}, {'1863241632': 8, '2330725114': 5, '243351999': 4, '243641585': 49, '243749571': 56, '30503246': 2, '30624898': 28, '32564122': 3, '89127267': 24, '89173763': 9, '89173808': 16, 'cluster_1427494838_273472399': 11, 'cluster_1757124350_1757124352': 9, 'cluster_1863241547_1863241548_1976170214': 4, 'cluster_306484187_cluster_1200363791_1200363826_1200363834_1200363898_1200363927_1200363938_1200363947_1200364074_1200364103_1507566554_1507566556_255882157_306484190': 3, 'gneJ143': 5, 'gneJ207': 3, 'gneJ208': 13, 'gneJ210': 22, 'gneJ255': 9, 'gneJ257': 8}, 
58990.0, {'1863241632': -5, '2330725114': -4, '243351999': -5, '243641585': -47, '243749571': -45, '30503246': -2, '30624898': -23, '32564122': 11, '89127267': -7, '89173763': 3, '89173808': -15, 'cluster_1427494838_273472399': -11, 'cluster_1757124350_1757124352': -9, 'cluster_1863241547_1863241548_1976170214': 6, 'cluster_306484187_cluster_1200363791_1200363826_1200363834_1200363898_1200363927_1200363938_1200363947_1200364074_1200364103_1507566554_1507566556_255882157_306484190': 1, 'gneJ143': -6, 'gneJ207': 8, 'gneJ208': 19, 'gneJ210': -22, 'gneJ255': -2, 'gneJ257': -5}, {'1863241632': 5, '2330725114': 2, '243351999': 4, '243641585': 22, '243749571': 20, '30503246': 1, '30624898': 17, '32564122': 1, '89127267': 20, '89173763': 6, '89173808': 8, 'cluster_1427494838_273472399': 3, 'cluster_1757124350_1757124352': 9, 'cluster_1863241547_1863241548_1976170214': 2, 'cluster_306484187_cluster_1200363791_1200363826_1200363834_1200363898_1200363927_1200363938_1200363947_1200364074_1200364103_1507566554_1507566556_255882157_306484190': 2, 'gneJ143': 5, 'gneJ207': 1, 'gneJ208': 10, 'gneJ210': 7, 'gneJ255': 4, 'gneJ257': 6}, {'1863241632': 8, '2330725114': 5, '243351999': 6, '243641585': 49, '243749571': 56, '30503246': 2, '30624898': 28, '32564122': 3, '89127267': 24, '89173763': 9, '89173808': 16, 'cluster_1427494838_273472399': 11, 'cluster_1757124350_1757124352': 9, 'cluster_1863241547_1863241548_1976170214': 3, 'cluster_306484187_cluster_1200363791_1200363826_1200363834_1200363898_1200363927_1200363938_1200363947_1200364074_1200364103_1507566554_1507566556_255882157_306484190': 3, 'gneJ143': 6, 'gneJ207': 1, 'gneJ208': 13, 'gneJ210': 22, 'gneJ255': 10, 'gneJ257': 8}, 
59000.0, {'1863241632': -4, '2330725114': -5, '243351999': -5, '243641585': -47, '243749571': -45, '30503246': -2, '30624898': -23, '32564122': 12, '89127267': -7, '89173763': 3, '89173808': -15, 'cluster_1427494838_273472399': -11, 'cluster_1757124350_1757124352': -9, 'cluster_1863241547_1863241548_1976170214': 6, 'cluster_306484187_cluster_1200363791_1200363826_1200363834_1200363898_1200363927_1200363938_1200363947_1200364074_1200364103_1507566554_1507566556_255882157_306484190': 1, 'gneJ143': -5, 'gneJ207': 7, 'gneJ208': 19, 'gneJ210': -22, 'gneJ255': -3, 'gneJ257': -5}, {'1863241632': 5, '2330725114': 2, '243351999': 4, '243641585': 22, '243749571': 20, '30503246': 1, '30624898': 17, '32564122': 1, '89127267': 20, '89173763': 6, '89173808': 8, 'cluster_1427494838_273472399': 3, 'cluster_1757124350_1757124352': 9, 'cluster_1863241547_1863241548_1976170214': 2, 'cluster_306484187_cluster_1200363791_1200363826_1200363834_1200363898_1200363927_1200363938_1200363947_1200364074_1200364103_1507566554_1507566556_255882157_306484190': 2, 'gneJ143': 5, 'gneJ207': 1, 'gneJ208': 10, 'gneJ210': 7, 'gneJ255': 4, 'gneJ257': 6}, {'1863241632': 7, '2330725114': 5, '243351999': 6, '243641585': 49, '243749571': 56, '30503246': 2, '30624898': 28, '32564122': 3, '89127267': 24, '89173763': 9, '89173808': 16, 'cluster_1427494838_273472399': 11, 'cluster_1757124350_1757124352': 9, 'cluster_1863241547_1863241548_1976170214': 3, 'cluster_306484187_cluster_1200363791_1200363826_1200363834_1200363898_1200363927_1200363938_1200363947_1200364074_1200364103_1507566554_1507566556_255882157_306484190': 3, 'gneJ143': 5, 'gneJ207': 1, 'gneJ208': 13, 'gneJ210': 22, 'gneJ255': 11, 'gneJ257': 8}, 
59010.0, {'1863241632': -4, '2330725114': -5, '243351999': -5, '243641585': -47, '243749571': -45, '30503246': -2, '30624898': -23, '32564122': 15, '89127267': -7, '89173763': 3, '89173808': -15, 'cluster_1427494838_273472399': -11, 'cluster_1757124350_1757124352': -9, 'cluster_1863241547_1863241548_1976170214': 4, 'cluster_306484187_cluster_1200363791_1200363826_1200363834_1200363898_1200363927_1200363938_1200363947_1200364074_1200364103_1507566554_1507566556_255882157_306484190': 1, 'gneJ143': -5, 'gneJ207': 7, 'gneJ208': 19, 'gneJ210': -22, 'gneJ255': -6, 'gneJ257': -5}, {'1863241632': 5, '2330725114': 2, '243351999': 4, '243641585': 22, '243749571': 20, '30503246': 1, '30624898': 17, '32564122': 1, '89127267': 20, '89173763': 6, '89173808': 8, 'cluster_1427494838_273472399': 3, 'cluster_1757124350_1757124352': 9, 'cluster_1863241547_1863241548_1976170214': 2, 'cluster_306484187_cluster_1200363791_1200363826_1200363834_1200363898_1200363927_1200363938_1200363947_1200364074_1200364103_1507566554_1507566556_255882157_306484190': 2, 'gneJ143': 5, 'gneJ207': 1, 'gneJ208': 10, 'gneJ210': 7, 'gneJ255': 6, 'gneJ257': 6}, {'1863241632': 7, '2330725114': 5, '243351999': 6, '243641585': 49, '243749571': 56, '30503246': 2, '30624898': 28, '32564122': 3, '89127267': 24, '89173763': 9, '89173808': 16, 'cluster_1427494838_273472399': 11, 'cluster_1757124350_1757124352': 9, 'cluster_1863241547_1863241548_1976170214': 5, 'cluster_306484187_cluster_1200363791_1200363826_1200363834_1200363898_1200363927_1200363938_1200363947_1200364074_1200364103_1507566554_1507566556_255882157_306484190': 3, 'gneJ143': 5, 'gneJ207': 1, 'gneJ208': 13, 'gneJ210': 22, 'gneJ255': 14, 'gneJ257': 8}, 
59020.0, {'1863241632': -5, '2330725114': -4, '243351999': -5, '243641585': -47, '243749571': -45, '30503246': -2, '30624898': -23, '32564122': 16, '89127267': -8, '89173763': 3, '89173808': -15, 'cluster_1427494838_273472399': -11, 'cluster_1757124350_1757124352': -9, 'cluster_1863241547_1863241548_1976170214': 3, 'cluster_306484187_cluster_1200363791_1200363826_1200363834_1200363898_1200363927_1200363938_1200363947_1200364074_1200364103_1507566554_1507566556_255882157_306484190': 1, 'gneJ143': -5, 'gneJ207': 7, 'gneJ208': 19, 'gneJ210': -22, 'gneJ255': -7, 'gneJ257': -5}, {'1863241632': 5, '2330725114': 2, '243351999': 4, '243641585': 22, '243749571': 20, '30503246': 1, '30624898': 17, '32564122': 1, '89127267': 21, '89173763': 6, '89173808': 8, 'cluster_1427494838_273472399': 3, 'cluster_1757124350_1757124352': 9, 'cluster_1863241547_1863241548_1976170214': 2, 'cluster_306484187_cluster_1200363791_1200363826_1200363834_1200363898_1200363927_1200363938_1200363947_1200364074_1200364103_1507566554_1507566556_255882157_306484190': 2, 'gneJ143': 5, 'gneJ207': 1, 'gneJ208': 10, 'gneJ210': 7, 'gneJ255': 6, 'gneJ257': 6}, {'1863241632': 8, '2330725114': 5, '243351999': 6, '243641585': 49, '243749571': 56, '30503246': 2, '30624898': 28, '32564122': 3, '89127267': 25, '89173763': 9, '89173808': 16, 'cluster_1427494838_273472399': 11, 'cluster_1757124350_1757124352': 9, 'cluster_1863241547_1863241548_1976170214': 6, 'cluster_306484187_cluster_1200363791_1200363826_1200363834_1200363898_1200363927_1200363938_1200363947_1200364074_1200364103_1507566554_1507566556_255882157_306484190': 3, 'gneJ143': 5, 'gneJ207': 1, 'gneJ208': 13, 'gneJ210': 22, 'gneJ255': 15, 'gneJ257': 8}, 
59030.0, {'1863241632': -5, '2330725114': -4, '243351999': -5, '243641585': -47, '243749571': -45, '30503246': -2, '30624898': -23, '32564122': 18, '89127267': -10, '89173763': 1, '89173808': -15, 'cluster_1427494838_273472399': -11, 'cluster_1757124350_1757124352': -9, 'cluster_1863241547_1863241548_1976170214': 5, 'cluster_306484187_cluster_1200363791_1200363826_1200363834_1200363898_1200363927_1200363938_1200363947_1200364074_1200364103_1507566554_1507566556_255882157_306484190': 1, 'gneJ143': -5, 'gneJ207': 9, 'gneJ208': 19, 'gneJ210': -22, 'gneJ255': -9, 'gneJ257': -5}, {'1863241632': 5, '2330725114': 2, '243351999': 4, '243641585': 22, '243749571': 20, '30503246': 1, '30624898': 17, '32564122': 1, '89127267': 23, '89173763': 6, '89173808': 8, 'cluster_1427494838_273472399': 3, 'cluster_1757124350_1757124352': 9, 'cluster_1863241547_1863241548_1976170214': 1, 'cluster_306484187_cluster_1200363791_1200363826_1200363834_1200363898_1200363927_1200363938_1200363947_1200364074_1200364103_1507566554_1507566556_255882157_306484190': 2, 'gneJ143': 3, 'gneJ207': 1, 'gneJ208': 10, 'gneJ210': 7, 'gneJ255': 7, 'gneJ257': 6}, {'1863241632': 8, '2330725114': 5, '243351999': 6, '243641585': 49, '243749571': 56, '30503246': 2, '30624898': 28, '32564122': 3, '89127267': 27, '89173763': 9, '89173808': 16, 'cluster_1427494838_273472399': 11, 'cluster_1757124350_1757124352': 9, 'cluster_1863241547_1863241548_1976170214': 4, 'cluster_306484187_cluster_1200363791_1200363826_1200363834_1200363898_1200363927_1200363938_1200363947_1200364074_1200364103_1507566554_1507566556_255882157_306484190': 3, 'gneJ143': 5, 'gneJ207': 1, 'gneJ208': 13, 'gneJ210': 22, 'gneJ255': 17, 'gneJ257': 8}, 
59040.0, {'1863241632': -5, '2330725114': -4, '243351999': -6, '243641585': -47, '243749571': -45, '30503246': -2, '30624898': -23, '32564122': 19, '89127267': -10, '89173763': 2, '89173808': -15, 'cluster_1427494838_273472399': -11, 'cluster_1757124350_1757124352': -9, 'cluster_1863241547_1863241548_1976170214': 3, 'cluster_306484187_cluster_1200363791_1200363826_1200363834_1200363898_1200363927_1200363938_1200363947_1200364074_1200364103_1507566554_1507566556_255882157_306484190': 2, 'gneJ143': -3, 'gneJ207': 7, 'gneJ208': 19, 'gneJ210': -22, 'gneJ255': -10, 'gneJ257': -5}, {'1863241632': 5, '2330725114': 2, '243351999': 5, '243641585': 22, '243749571': 20, '30503246': 1, '30624898': 17, '32564122': 1, '89127267': 23, '89173763': 6, '89173808': 8, 'cluster_1427494838_273472399': 3, 'cluster_1757124350_1757124352': 9, 'cluster_1863241547_1863241548_1976170214': 2, 'cluster_306484187_cluster_1200363791_1200363826_1200363834_1200363898_1200363927_1200363938_1200363947_1200364074_1200364103_1507566554_1507566556_255882157_306484190': 2, 'gneJ143': 3, 'gneJ207': 1, 'gneJ208': 10, 'gneJ210': 7, 'gneJ255': 8, 'gneJ257': 6}, {'1863241632': 8, '2330725114': 5, '243351999': 7, '243641585': 49, '243749571': 56, '30503246': 2, '30624898': 28, '32564122': 3, '89127267': 27, '89173763': 10, '89173808': 16, 'cluster_1427494838_273472399': 11, 'cluster_1757124350_1757124352': 9, 'cluster_1863241547_1863241548_1976170214': 6, 'cluster_306484187_cluster_1200363791_1200363826_1200363834_1200363898_1200363927_1200363938_1200363947_1200364074_1200364103_1507566554_1507566556_255882157_306484190': 3, 'gneJ143': 3, 'gneJ207': 1, 'gneJ208': 13, 'gneJ210': 22, 'gneJ255': 18, 'gneJ257': 8}, 
59050.0, {'1863241632': -5, '2330725114': -4, '243351999': -6, '243641585': -47, '243749571': -45, '30503246': -2, '30624898': -23, '32564122': 21, '89127267': -10, '89173763': 3, '89173808': -15, 'cluster_1427494838_273472399': -11, 'cluster_1757124350_1757124352': -9, 'cluster_1863241547_1863241548_1976170214': 2, 'cluster_306484187_cluster_1200363791_1200363826_1200363834_1200363898_1200363927_1200363938_1200363947_1200364074_1200364103_1507566554_1507566556_255882157_306484190': 2, 'gneJ143': -5, 'gneJ207': 7, 'gneJ208': 19, 'gneJ210': -22, 'gneJ255': -12, 'gneJ257': -5}, {'1863241632': 5, '2330725114': 2, '243351999': 5, '243641585': 22, '243749571': 20, '30503246': 1, '30624898': 17, '32564122': 1, '89127267': 23, '89173763': 6, '89173808': 8, 'cluster_1427494838_273472399': 3, 'cluster_1757124350_1757124352': 9, 'cluster_1863241547_1863241548_1976170214': 2, 'cluster_306484187_cluster_1200363791_1200363826_1200363834_1200363898_1200363927_1200363938_1200363947_1200364074_1200364103_1507566554_1507566556_255882157_306484190': 2, 'gneJ143': 5, 'gneJ207': 1, 'gneJ208': 10, 'gneJ210': 7, 'gneJ255': 8, 'gneJ257': 6}, {'1863241632': 8, '2330725114': 5, '243351999': 7, '243641585': 49, '243749571': 56, '30503246': 2, '30624898': 28, '32564122': 3, '89127267': 27, '89173763': 9, '89173808': 16, 'cluster_1427494838_273472399': 11, 'cluster_1757124350_1757124352': 9, 'cluster_1863241547_1863241548_1976170214': 7, 'cluster_306484187_cluster_1200363791_1200363826_1200363834_1200363898_1200363927_1200363938_1200363947_1200364074_1200364103_1507566554_1507566556_255882157_306484190': 3, 'gneJ143': 5, 'gneJ207': 1, 'gneJ208': 13, 'gneJ210': 22, 'gneJ255': 20, 'gneJ257': 8}, 
59060.0, {'1863241632': -5, '2330725114': -4, '243351999': -6, '243641585': -47, '243749571': -45, '30503246': -2, '30624898': -23, '32564122': 21, '89127267': -10, '89173763': 3, '89173808': -15, 'cluster_1427494838_273472399': -11, 'cluster_1757124350_1757124352': -9, 'cluster_1863241547_1863241548_1976170214': -1, 'cluster_306484187_cluster_1200363791_1200363826_1200363834_1200363898_1200363927_1200363938_1200363947_1200364074_1200364103_1507566554_1507566556_255882157_306484190': 2, 'gneJ143': -5, 'gneJ207': 7, 'gneJ208': 19, 'gneJ210': -22, 'gneJ255': -12, 'gneJ257': -5}, {'1863241632': 5, '2330725114': 2, '243351999': 5, '243641585': 22, '243749571': 20, '30503246': 1, '30624898': 17, '32564122': 1, '89127267': 23, '89173763': 6, '89173808': 8, 'cluster_1427494838_273472399': 3, 'cluster_1757124350_1757124352': 9, 'cluster_1863241547_1863241548_1976170214': 3, 'cluster_306484187_cluster_1200363791_1200363826_1200363834_1200363898_1200363927_1200363938_1200363947_1200364074_1200364103_1507566554_1507566556_255882157_306484190': 2, 'gneJ143': 5, 'gneJ207': 1, 'gneJ208': 10, 'gneJ210': 7, 'gneJ255': 8, 'gneJ257': 6}, {'1863241632': 8, '2330725114': 5, '243351999': 7, '243641585': 49, '243749571': 56, '30503246': 2, '30624898': 28, '32564122': 3, '89127267': 27, '89173763': 9, '89173808': 16, 'cluster_1427494838_273472399': 11, 'cluster_1757124350_1757124352': 9, 'cluster_1863241547_1863241548_1976170214': 10, 'cluster_306484187_cluster_1200363791_1200363826_1200363834_1200363898_1200363927_1200363938_1200363947_1200364074_1200364103_1507566554_1507566556_255882157_306484190': 3, 'gneJ143': 5, 'gneJ207': 1, 'gneJ208': 13, 'gneJ210': 22, 'gneJ255': 20, 'gneJ257': 8}, 
59070.0, {'1863241632': -5, '2330725114': -4, '243351999': -6, '243641585': -47, '243749571': -45, '30503246': -2, '30624898': -23, '32564122': 21, '89127267': -10, '89173763': 3, '89173808': -15, 'cluster_1427494838_273472399': -11, 'cluster_1757124350_1757124352': -9, 'cluster_1863241547_1863241548_1976170214': -6, 'cluster_306484187_cluster_1200363791_1200363826_1200363834_1200363898_1200363927_1200363938_1200363947_1200364074_1200364103_1507566554_1507566556_255882157_306484190': 2, 'gneJ143': -4, 'gneJ207': 8, 'gneJ208': 19, 'gneJ210': -22, 'gneJ255': -12, 'gneJ257': -5}, {'1863241632': 5, '2330725114': 2, '243351999': 5, '243641585': 22, '243749571': 20, '30503246': 1, '30624898': 17, '32564122': 1, '89127267': 23, '89173763': 6, '89173808': 8, 'cluster_1427494838_273472399': 3, 'cluster_1757124350_1757124352': 9, 'cluster_1863241547_1863241548_1976170214': 3, 'cluster_306484187_cluster_1200363791_1200363826_1200363834_1200363898_1200363927_1200363938_1200363947_1200364074_1200364103_1507566554_1507566556_255882157_306484190': 2, 'gneJ143': 3, 'gneJ207': 1, 'gneJ208': 10, 'gneJ210': 7, 'gneJ255': 8, 'gneJ257': 6}, {'1863241632': 8, '2330725114': 5, '243351999': 7, '243641585': 49, '243749571': 56, '30503246': 2, '30624898': 28, '32564122': 3, '89127267': 27, '89173763': 9, '89173808': 16, 'cluster_1427494838_273472399': 11, 'cluster_1757124350_1757124352': 9, 'cluster_1863241547_1863241548_1976170214': 15, 'cluster_306484187_cluster_1200363791_1200363826_1200363834_1200363898_1200363927_1200363938_1200363947_1200364074_1200364103_1507566554_1507566556_255882157_306484190': 3, 'gneJ143': 4, 'gneJ207': 1, 'gneJ208': 13, 'gneJ210': 22, 'gneJ255': 20, 'gneJ257': 8}, 
59080.0, {'1863241632': -6, '2330725114': -4, '243351999': -6, '243641585': -47, '243749571': -45, '30503246': -2, '30624898': -23, '32564122': 23, '89127267': -10, '89173763': 3, '89173808': -15, 'cluster_1427494838_273472399': -11, 'cluster_1757124350_1757124352': -9, 'cluster_1863241547_1863241548_1976170214': -7, 'cluster_306484187_cluster_1200363791_1200363826_1200363834_1200363898_1200363927_1200363938_1200363947_1200364074_1200364103_1507566554_1507566556_255882157_306484190': 2, 'gneJ143': -2, 'gneJ207': 9, 'gneJ208': 19, 'gneJ210': -22, 'gneJ255': -14, 'gneJ257': -5}, {'1863241632': 5, '2330725114': 2, '243351999': 5, '243641585': 22, '243749571': 20, '30503246': 1, '30624898': 17, '32564122': 1, '89127267': 23, '89173763': 6, '89173808': 8, 'cluster_1427494838_273472399': 3, 'cluster_1757124350_1757124352': 9, 'cluster_1863241547_1863241548_1976170214': 4, 'cluster_306484187_cluster_1200363791_1200363826_1200363834_1200363898_1200363927_1200363938_1200363947_1200364074_1200364103_1507566554_1507566556_255882157_306484190': 2, 'gneJ143': 2, 'gneJ207': 1, 'gneJ208': 10, 'gneJ210': 7, 'gneJ255': 9, 'gneJ257': 6}, {'1863241632': 8, '2330725114': 5, '243351999': 7, '243641585': 49, '243749571': 56, '30503246': 2, '30624898': 28, '32564122': 3, '89127267': 27, '89173763': 9, '89173808': 16, 'cluster_1427494838_273472399': 11, 'cluster_1757124350_1757124352': 9, 'cluster_1863241547_1863241548_1976170214': 16, 'cluster_306484187_cluster_1200363791_1200363826_1200363834_1200363898_1200363927_1200363938_1200363947_1200364074_1200364103_1507566554_1507566556_255882157_306484190': 3, 'gneJ143': 2, 'gneJ207': 1, 'gneJ208': 13, 'gneJ210': 22, 'gneJ255': 22, 'gneJ257': 8}, 
59090.0, {'1863241632': -5, '2330725114': -4, '243351999': -6, '243641585': -47, '243749571': -45, '30503246': -2, '30624898': -23, '32564122': 27, '89127267': -9, '89173763': 1, '89173808': -15, 'cluster_1427494838_273472399': -12, 'cluster_1757124350_1757124352': -9, 'cluster_1863241547_1863241548_1976170214': -13, 'cluster_306484187_cluster_1200363791_1200363826_1200363834_1200363898_1200363927_1200363938_1200363947_1200364074_1200364103_1507566554_1507566556_255882157_306484190': 2, 'gneJ143': -2, 'gneJ207': 7, 'gneJ208': 19, 'gneJ210': -22, 'gneJ255': -18, 'gneJ257': -5}, {'1863241632': 5, '2330725114': 2, '243351999': 5, '243641585': 22, '243749571': 20, '30503246': 1, '30624898': 17, '32564122': 1, '89127267': 23, '89173763': 6, '89173808': 8, 'cluster_1427494838_273472399': 3, 'cluster_1757124350_1757124352': 9, 'cluster_1863241547_1863241548_1976170214': 6, 'cluster_306484187_cluster_1200363791_1200363826_1200363834_1200363898_1200363927_1200363938_1200363947_1200364074_1200364103_1507566554_1507566556_255882157_306484190': 2, 'gneJ143': 2, 'gneJ207': 1, 'gneJ208': 10, 'gneJ210': 7, 'gneJ255': 11, 'gneJ257': 6}, {'1863241632': 8, '2330725114': 5, '243351999': 7, '243641585': 49, '243749571': 56, '30503246': 2, '30624898': 28, '32564122': 3, '89127267': 27, '89173763': 9, '89173808': 16, 'cluster_1427494838_273472399': 12, 'cluster_1757124350_1757124352': 9, 'cluster_1863241547_1863241548_1976170214': 22, 'cluster_306484187_cluster_1200363791_1200363826_1200363834_1200363898_1200363927_1200363938_1200363947_1200364074_1200364103_1507566554_1507566556_255882157_306484190': 3, 'gneJ143': 2, 'gneJ207': 1, 'gneJ208': 13, 'gneJ210': 22, 'gneJ255': 26, 'gneJ257': 8}, 
59100.0, {'1863241632': -4, '2330725114': -5, '243351999': -6, '243641585': -47, '243749571': -45, '30503246': -2, '30624898': -23, '32564122': 27, '89127267': -10, '89173763': 3, '89173808': -15, 'cluster_1427494838_273472399': -11, 'cluster_1757124350_1757124352': -9, 'cluster_1863241547_1863241548_1976170214': -16, 'cluster_306484187_cluster_1200363791_1200363826_1200363834_1200363898_1200363927_1200363938_1200363947_1200364074_1200364103_1507566554_1507566556_255882157_306484190': 1, 'gneJ143': -5, 'gneJ207': 7, 'gneJ208': 19, 'gneJ210': -22, 'gneJ255': -18, 'gneJ257': -5}, {'1863241632': 5, '2330725114': 2, '243351999': 5, '243641585': 22, '243749571': 20, '30503246': 1, '30624898': 17, '32564122': 1, '89127267': 23, '89173763': 6, '89173808': 8, 'cluster_1427494838_273472399': 3, 'cluster_1757124350_1757124352': 9, 'cluster_1863241547_1863241548_1976170214': 6, 'cluster_306484187_cluster_1200363791_1200363826_1200363834_1200363898_1200363927_1200363938_1200363947_1200364074_1200364103_1507566554_1507566556_255882157_306484190': 2, 'gneJ143': 5, 'gneJ207': 1, 'gneJ208': 10, 'gneJ210': 7, 'gneJ255': 11, 'gneJ257': 6}, {'1863241632': 7, '2330725114': 5, '243351999': 7, '243641585': 49, '243749571': 56, '30503246': 2, '30624898': 28, '32564122': 3, '89127267': 27, '89173763': 9, '89173808': 16, 'cluster_1427494838_273472399': 11, 'cluster_1757124350_1757124352': 9, 'cluster_1863241547_1863241548_1976170214': 25, 'cluster_306484187_cluster_1200363791_1200363826_1200363834_1200363898_1200363927_1200363938_1200363947_1200364074_1200364103_1507566554_1507566556_255882157_306484190': 4, 'gneJ143': 5, 'gneJ207': 1, 'gneJ208': 13, 'gneJ210': 22, 'gneJ255': 26, 'gneJ257': 8}, 
59110.0, {'1863241632': -5, '2330725114': -4, '243351999': -6, '243641585': -47, '243749571': -45, '30503246': -2, '30624898': -23, '32564122': 29, '89127267': -10, '89173763': 3, '89173808': -15, 'cluster_1427494838_273472399': -11, 'cluster_1757124350_1757124352': -9, 'cluster_1863241547_1863241548_1976170214': -17, 'cluster_306484187_cluster_1200363791_1200363826_1200363834_1200363898_1200363927_1200363938_1200363947_1200364074_1200364103_1507566554_1507566556_255882157_306484190': 2, 'gneJ143': -3, 'gneJ207': 8, 'gneJ208': 18, 'gneJ210': -22, 'gneJ255': -20, 'gneJ257': -5}, {'1863241632': 5, '2330725114': 2, '243351999': 5, '243641585': 22, '243749571': 20, '30503246': 1, '30624898': 17, '32564122': 1, '89127267': 23, '89173763': 6, '89173808': 8, 'cluster_1427494838_273472399': 3, 'cluster_1757124350_1757124352': 9, 'cluster_1863241547_1863241548_1976170214': 7, 'cluster_306484187_cluster_1200363791_1200363826_1200363834_1200363898_1200363927_1200363938_1200363947_1200364074_1200364103_1507566554_1507566556_255882157_306484190': 2, 'gneJ143': 2, 'gneJ207': 1, 'gneJ208': 10, 'gneJ210': 7, 'gneJ255': 12, 'gneJ257': 6}, {'1863241632': 8, '2330725114': 5, '243351999': 7, '243641585': 49, '243749571': 56, '30503246': 2, '30624898': 28, '32564122': 3, '89127267': 27, '89173763': 9, '89173808': 16, 'cluster_1427494838_273472399': 11, 'cluster_1757124350_1757124352': 9, 'cluster_1863241547_1863241548_1976170214': 26, 'cluster_306484187_cluster_1200363791_1200363826_1200363834_1200363898_1200363927_1200363938_1200363947_1200364074_1200364103_1507566554_1507566556_255882157_306484190': 3, 'gneJ143': 3, 'gneJ207': 1, 'gneJ208': 14, 'gneJ210': 22, 'gneJ255': 28, 'gneJ257': 8}, 
59120.0, {'1863241632': -5, '2330725114': -4, '243351999': -6, '243641585': -47, '243749571': -45, '30503246': -2, '30624898': -23, '32564122': 29, '89127267': -10, '89173763': 3, '89173808': -15, 'cluster_1427494838_273472399': -11, 'cluster_1757124350_1757124352': -9, 'cluster_1863241547_1863241548_1976170214': -17, 'cluster_306484187_cluster_1200363791_1200363826_1200363834_1200363898_1200363927_1200363938_1200363947_1200364074_1200364103_1507566554_1507566556_255882157_306484190': 2, 'gneJ143': -1, 'gneJ207': 8, 'gneJ208': 18, 'gneJ210': -22, 'gneJ255': -20, 'gneJ257': -5}, {'1863241632': 5, '2330725114': 2, '243351999': 5, '243641585': 22, '243749571': 20, '30503246': 1, '30624898': 17, '32564122': 1, '89127267': 23, '89173763': 6, '89173808': 8, 'cluster_1427494838_273472399': 3, 'cluster_1757124350_1757124352': 9, 'cluster_1863241547_1863241548_1976170214': 7, 'cluster_306484187_cluster_1200363791_1200363826_1200363834_1200363898_1200363927_1200363938_1200363947_1200364074_1200364103_1507566554_1507566556_255882157_306484190': 2, 'gneJ143': 1, 'gneJ207': 1, 'gneJ208': 10, 'gneJ210': 7, 'gneJ255': 12, 'gneJ257': 6}, {'1863241632': 8, '2330725114': 5, '243351999': 7, '243641585': 49, '243749571': 56, '30503246': 2, '30624898': 28, '32564122': 3, '89127267': 27, '89173763': 9, '89173808': 16, 'cluster_1427494838_273472399': 11, 'cluster_1757124350_1757124352': 9, 'cluster_1863241547_1863241548_1976170214': 26, 'cluster_306484187_cluster_1200363791_1200363826_1200363834_1200363898_1200363927_1200363938_1200363947_1200364074_1200364103_1507566554_1507566556_255882157_306484190': 3, 'gneJ143': 1, 'gneJ207': 1, 'gneJ208': 14, 'gneJ210': 22, 'gneJ255': 28, 'gneJ257': 8}, 
59130.0, {'1863241632': -5, '2330725114': -4, '243351999': -6, '243641585': -47, '243749571': -45, '30503246': -2, '30624898': -23, '32564122': 31, '89127267': -10, '89173763': 3, '89173808': -15, 'cluster_1427494838_273472399': -11, 'cluster_1757124350_1757124352': -9, 'cluster_1863241547_1863241548_1976170214': -17, 'cluster_306484187_cluster_1200363791_1200363826_1200363834_1200363898_1200363927_1200363938_1200363947_1200364074_1200364103_1507566554_1507566556_255882157_306484190': 2, 'gneJ143': -2, 'gneJ207': 7, 'gneJ208': 18, 'gneJ210': -22, 'gneJ255': -22, 'gneJ257': -5}, {'1863241632': 5, '2330725114': 2, '243351999': 5, '243641585': 22, '243749571': 20, '30503246': 1, '30624898': 17, '32564122': 1, '89127267': 23, '89173763': 6, '89173808': 8, 'cluster_1427494838_273472399': 3, 'cluster_1757124350_1757124352': 9, 'cluster_1863241547_1863241548_1976170214': 7, 'cluster_306484187_cluster_1200363791_1200363826_1200363834_1200363898_1200363927_1200363938_1200363947_1200364074_1200364103_1507566554_1507566556_255882157_306484190': 2, 'gneJ143': 2, 'gneJ207': 1, 'gneJ208': 10, 'gneJ210': 7, 'gneJ255': 14, 'gneJ257': 6}, {'1863241632': 8, '2330725114': 5, '243351999': 7, '243641585': 49, '243749571': 56, '30503246': 2, '30624898': 28, '32564122': 3, '89127267': 27, '89173763': 9, '89173808': 16, 'cluster_1427494838_273472399': 11, 'cluster_1757124350_1757124352': 9, 'cluster_1863241547_1863241548_1976170214': 26, 'cluster_306484187_cluster_1200363791_1200363826_1200363834_1200363898_1200363927_1200363938_1200363947_1200364074_1200364103_1507566554_1507566556_255882157_306484190': 3, 'gneJ143': 2, 'gneJ207': 1, 'gneJ208': 14, 'gneJ210': 22, 'gneJ255': 30, 'gneJ257': 8}, 
59140.0, {'1863241632': -5, '2330725114': -4, '243351999': -6, '243641585': -47, '243749571': -45, '30503246': -2, '30624898': -23, '32564122': 32, '89127267': -10, '89173763': 3, '89173808': -15, 'cluster_1427494838_273472399': -11, 'cluster_1757124350_1757124352': -9, 'cluster_1863241547_1863241548_1976170214': -18, 'cluster_306484187_cluster_1200363791_1200363826_1200363834_1200363898_1200363927_1200363938_1200363947_1200364074_1200364103_1507566554_1507566556_255882157_306484190': 2, 'gneJ143': -4, 'gneJ207': 7, 'gneJ208': 18, 'gneJ210': -22, 'gneJ255': -23, 'gneJ257': -5}, {'1863241632': 5, '2330725114': 2, '243351999': 5, '243641585': 22, '243749571': 20, '30503246': 1, '30624898': 17, '32564122': 1, '89127267': 23, '89173763': 6, '89173808': 8, 'cluster_1427494838_273472399': 3, 'cluster_1757124350_1757124352': 9, 'cluster_1863241547_1863241548_1976170214': 7, 'cluster_306484187_cluster_1200363791_1200363826_1200363834_1200363898_1200363927_1200363938_1200363947_1200364074_1200364103_1507566554_1507566556_255882157_306484190': 2, 'gneJ143': 4, 'gneJ207': 1, 'gneJ208': 10, 'gneJ210': 7, 'gneJ255': 15, 'gneJ257': 6}, {'1863241632': 8, '2330725114': 5, '243351999': 7, '243641585': 49, '243749571': 56, '30503246': 2, '30624898': 28, '32564122': 3, '89127267': 27, '89173763': 9, '89173808': 16, 'cluster_1427494838_273472399': 11, 'cluster_1757124350_1757124352': 9, 'cluster_1863241547_1863241548_1976170214': 27, 'cluster_306484187_cluster_1200363791_1200363826_1200363834_1200363898_1200363927_1200363938_1200363947_1200364074_1200364103_1507566554_1507566556_255882157_306484190': 3, 'gneJ143': 4, 'gneJ207': 1, 'gneJ208': 14, 'gneJ210': 22, 'gneJ255': 31, 'gneJ257': 8}, 
59150.0, {'1863241632': -5, '2330725114': -4, '243351999': -6, '243641585': -47, '243749571': -46, '30503246': -2, '30624898': -23, '32564122': 31, '89127267': -10, '89173763': 3, '89173808': -15, 'cluster_1427494838_273472399': -11, 'cluster_1757124350_1757124352': -9, 'cluster_1863241547_1863241548_1976170214': -18, 'cluster_306484187_cluster_1200363791_1200363826_1200363834_1200363898_1200363927_1200363938_1200363947_1200364074_1200364103_1507566554_1507566556_255882157_306484190': 3, 'gneJ143': -4, 'gneJ207': 7, 'gneJ208': 19, 'gneJ210': -22, 'gneJ255': -23, 'gneJ257': -5}, {'1863241632': 5, '2330725114': 2, '243351999': 5, '243641585': 22, '243749571': 21, '30503246': 1, '30624898': 17, '32564122': 1, '89127267': 23, '89173763': 6, '89173808': 8, 'cluster_1427494838_273472399': 3, 'cluster_1757124350_1757124352': 9, 'cluster_1863241547_1863241548_1976170214': 7, 'cluster_306484187_cluster_1200363791_1200363826_1200363834_1200363898_1200363927_1200363938_1200363947_1200364074_1200364103_1507566554_1507566556_255882157_306484190': 2, 'gneJ143': 4, 'gneJ207': 1, 'gneJ208': 10, 'gneJ210': 7, 'gneJ255': 15, 'gneJ257': 6}, {'1863241632': 8, '2330725114': 5, '243351999': 7, '243641585': 49, '243749571': 57, '30503246': 2, '30624898': 28, '32564122': 4, '89127267': 27, '89173763': 9, '89173808': 16, 'cluster_1427494838_273472399': 11, 'cluster_1757124350_1757124352': 9, 'cluster_1863241547_1863241548_1976170214': 27, 'cluster_306484187_cluster_1200363791_1200363826_1200363834_1200363898_1200363927_1200363938_1200363947_1200364074_1200364103_1507566554_1507566556_255882157_306484190': 3, 'gneJ143': 4, 'gneJ207': 1, 'gneJ208': 14, 'gneJ210': 22, 'gneJ255': 31, 'gneJ257': 8}, 
59160.0, {'1863241632': -5, '2330725114': -4, '243351999': -6, '243641585': -47, '243749571': -46, '30503246': -2, '30624898': -23, '32564122': 32, '89127267': -10, '89173763': 3, '89173808': -15, 'cluster_1427494838_273472399': -11, 'cluster_1757124350_1757124352': -9, 'cluster_1863241547_1863241548_1976170214': -18, 'cluster_306484187_cluster_1200363791_1200363826_1200363834_1200363898_1200363927_1200363938_1200363947_1200364074_1200364103_1507566554_1507566556_255882157_306484190': 2, 'gneJ143': -3, 'gneJ207': 7, 'gneJ208': 19, 'gneJ210': -22, 'gneJ255': -23, 'gneJ257': -5}, {'1863241632': 5, '2330725114': 2, '243351999': 5, '243641585': 22, '243749571': 21, '30503246': 1, '30624898': 17, '32564122': 1, '89127267': 23, '89173763': 6, '89173808': 8, 'cluster_1427494838_273472399': 3, 'cluster_1757124350_1757124352': 9, 'cluster_1863241547_1863241548_1976170214': 7, 'cluster_306484187_cluster_1200363791_1200363826_1200363834_1200363898_1200363927_1200363938_1200363947_1200364074_1200364103_1507566554_1507566556_255882157_306484190': 2, 'gneJ143': 3, 'gneJ207': 1, 'gneJ208': 10, 'gneJ210': 7, 'gneJ255': 15, 'gneJ257': 6}, {'1863241632': 8, '2330725114': 5, '243351999': 7, '243641585': 49, '243749571': 57, '30503246': 2, '30624898': 28, '32564122': 3, '89127267': 27, '89173763': 9, '89173808': 16, 'cluster_1427494838_273472399': 11, 'cluster_1757124350_1757124352': 9, 'cluster_1863241547_1863241548_1976170214': 27, 'cluster_306484187_cluster_1200363791_1200363826_1200363834_1200363898_1200363927_1200363938_1200363947_1200364074_1200364103_1507566554_1507566556_255882157_306484190': 3, 'gneJ143': 3, 'gneJ207': 1, 'gneJ208': 14, 'gneJ210': 22, 'gneJ255': 31, 'gneJ257': 8}, 
59170.0, {'1863241632': -5, '2330725114': -4, '243351999': -6, '243641585': -47, '243749571': -46, '30503246': -2, '30624898': -23, '32564122': 32, '89127267': -10, '89173763': 3, '89173808': -15, 'cluster_1427494838_273472399': -11, 'cluster_1757124350_1757124352': -9, 'cluster_1863241547_1863241548_1976170214': -19, 'cluster_306484187_cluster_1200363791_1200363826_1200363834_1200363898_1200363927_1200363938_1200363947_1200364074_1200364103_1507566554_1507566556_255882157_306484190': 2, 'gneJ143': -5, 'gneJ207': 7, 'gneJ208': 19, 'gneJ210': -22, 'gneJ255': -23, 'gneJ257': -5}, {'1863241632': 5, '2330725114': 2, '243351999': 5, '243641585': 22, '243749571': 21, '30503246': 1, '30624898': 17, '32564122': 1, '89127267': 23, '89173763': 6, '89173808': 8, 'cluster_1427494838_273472399': 3, 'cluster_1757124350_1757124352': 9, 'cluster_1863241547_1863241548_1976170214': 7, 'cluster_306484187_cluster_1200363791_1200363826_1200363834_1200363898_1200363927_1200363938_1200363947_1200364074_1200364103_1507566554_1507566556_255882157_306484190': 2, 'gneJ143': 5, 'gneJ207': 1, 'gneJ208': 10, 'gneJ210': 7, 'gneJ255': 15, 'gneJ257': 6}, {'1863241632': 8, '2330725114': 5, '243351999': 7, '243641585': 49, '243749571': 57, '30503246': 2, '30624898': 28, '32564122': 3, '89127267': 27, '89173763': 9, '89173808': 16, 'cluster_1427494838_273472399': 11, 'cluster_1757124350_1757124352': 9, 'cluster_1863241547_1863241548_1976170214': 28, 'cluster_306484187_cluster_1200363791_1200363826_1200363834_1200363898_1200363927_1200363938_1200363947_1200364074_1200364103_1507566554_1507566556_255882157_306484190': 3, 'gneJ143': 5, 'gneJ207': 1, 'gneJ208': 14, 'gneJ210': 22, 'gneJ255': 31, 'gneJ257': 8}, 
59180.0, {'1863241632': -5, '2330725114': -4, '243351999': -6, '243641585': -47, '243749571': -46, '30503246': -2, '30624898': -23, '32564122': 32, '89127267': -10, '89173763': 3, '89173808': -15, 'cluster_1427494838_273472399': -11, 'cluster_1757124350_1757124352': -9, 'cluster_1863241547_1863241548_1976170214': -19, 'cluster_306484187_cluster_1200363791_1200363826_1200363834_1200363898_1200363927_1200363938_1200363947_1200364074_1200364103_1507566554_1507566556_255882157_306484190': 2, 'gneJ143': -2, 'gneJ207': 8, 'gneJ208': 19, 'gneJ210': -22, 'gneJ255': -23, 'gneJ257': -5}, {'1863241632': 5, '2330725114': 2, '243351999': 5, '243641585': 22, '243749571': 21, '30503246': 1, '30624898': 17, '32564122': 1, '89127267': 23, '89173763': 6, '89173808': 8, 'cluster_1427494838_273472399': 3, 'cluster_1757124350_1757124352': 9, 'cluster_1863241547_1863241548_1976170214': 7, 'cluster_306484187_cluster_1200363791_1200363826_1200363834_1200363898_1200363927_1200363938_1200363947_1200364074_1200364103_1507566554_1507566556_255882157_306484190': 2, 'gneJ143': 1, 'gneJ207': 1, 'gneJ208': 10, 'gneJ210': 7, 'gneJ255': 15, 'gneJ257': 6}, {'1863241632': 8, '2330725114': 5, '243351999': 7, '243641585': 49, '243749571': 57, '30503246': 2, '30624898': 28, '32564122': 3, '89127267': 27, '89173763': 9, '89173808': 16, 'cluster_1427494838_273472399': 11, 'cluster_1757124350_1757124352': 9, 'cluster_1863241547_1863241548_1976170214': 28, 'cluster_306484187_cluster_1200363791_1200363826_1200363834_1200363898_1200363927_1200363938_1200363947_1200364074_1200364103_1507566554_1507566556_255882157_306484190': 3, 'gneJ143': 2, 'gneJ207': 1, 'gneJ208': 14, 'gneJ210': 22, 'gneJ255': 31, 'gneJ257': 8}, 
59190.0, {'1863241632': -5, '2330725114': -4, '243351999': -6, '243641585': -47, '243749571': -46, '30503246': -2, '30624898': -23, '32564122': 32, '89127267': -10, '89173763': 3, '89173808': -15, 'cluster_1427494838_273472399': -11, 'cluster_1757124350_1757124352': -9, 'cluster_1863241547_1863241548_1976170214': -19, 'cluster_306484187_cluster_1200363791_1200363826_1200363834_1200363898_1200363927_1200363938_1200363947_1200364074_1200364103_1507566554_1507566556_255882157_306484190': 2, 'gneJ143': -1, 'gneJ207': 8, 'gneJ208': 19, 'gneJ210': -22, 'gneJ255': -23, 'gneJ257': -5}, {'1863241632': 5, '2330725114': 2, '243351999': 5, '243641585': 22, '243749571': 21, '30503246': 1, '30624898': 17, '32564122': 1, '89127267': 23, '89173763': 6, '89173808': 8, 'cluster_1427494838_273472399': 3, 'cluster_1757124350_1757124352': 9, 'cluster_1863241547_1863241548_1976170214': 7, 'cluster_306484187_cluster_1200363791_1200363826_1200363834_1200363898_1200363927_1200363938_1200363947_1200364074_1200364103_1507566554_1507566556_255882157_306484190': 2, 'gneJ143': 1, 'gneJ207': 1, 'gneJ208': 10, 'gneJ210': 7, 'gneJ255': 15, 'gneJ257': 6}, {'1863241632': 8, '2330725114': 5, '243351999': 7, '243641585': 49, '243749571': 57, '30503246': 2, '30624898': 28, '32564122': 3, '89127267': 27, '89173763': 9, '89173808': 16, 'cluster_1427494838_273472399': 11, 'cluster_1757124350_1757124352': 9, 'cluster_1863241547_1863241548_1976170214': 28, 'cluster_306484187_cluster_1200363791_1200363826_1200363834_1200363898_1200363927_1200363938_1200363947_1200364074_1200364103_1507566554_1507566556_255882157_306484190': 3, 'gneJ143': 1, 'gneJ207': 1, 'gneJ208': 14, 'gneJ210': 22, 'gneJ255': 31, 'gneJ257': 8}, 
59200.0, {'1863241632': -5, '2330725114': -4, '243351999': -6, '243641585': -47, '243749571': -46, '30503246': -2, '30624898': -23, '32564122': 32, '89127267': -10, '89173763': 3, '89173808': -15, 'cluster_1427494838_273472399': -12, 'cluster_1757124350_1757124352': -9, 'cluster_1863241547_1863241548_1976170214': -11, 'cluster_306484187_cluster_1200363791_1200363826_1200363834_1200363898_1200363927_1200363938_1200363947_1200364074_1200364103_1507566554_1507566556_255882157_306484190': 2, 'gneJ143': -2, 'gneJ207': 8, 'gneJ208': 19, 'gneJ210': -22, 'gneJ255': -23, 'gneJ257': -5}, {'1863241632': 5, '2330725114': 2, '243351999': 5, '243641585': 22, '243749571': 21, '30503246': 1, '30624898': 17, '32564122': 1, '89127267': 23, '89173763': 6, '89173808': 8, 'cluster_1427494838_273472399': 3, 'cluster_1757124350_1757124352': 9, 'cluster_1863241547_1863241548_1976170214': 5, 'cluster_306484187_cluster_1200363791_1200363826_1200363834_1200363898_1200363927_1200363938_1200363947_1200364074_1200364103_1507566554_1507566556_255882157_306484190': 2, 'gneJ143': 1, 'gneJ207': 1, 'gneJ208': 10, 'gneJ210': 7, 'gneJ255': 15, 'gneJ257': 6}, {'1863241632': 8, '2330725114': 5, '243351999': 7, '243641585': 49, '243749571': 57, '30503246': 2, '30624898': 28, '32564122': 3, '89127267': 27, '89173763': 9, '89173808': 16, 'cluster_1427494838_273472399': 12, 'cluster_1757124350_1757124352': 9, 'cluster_1863241547_1863241548_1976170214': 20, 'cluster_306484187_cluster_1200363791_1200363826_1200363834_1200363898_1200363927_1200363938_1200363947_1200364074_1200364103_1507566554_1507566556_255882157_306484190': 3, 'gneJ143': 2, 'gneJ207': 2, 'gneJ208': 14, 'gneJ210': 22, 'gneJ255': 31, 'gneJ257': 8}, 
59210.0, {'1863241632': -4, '2330725114': -4, '243351999': -6, '243641585': -47, '243749571': -46, '30503246': -2, '30624898': -23, '32564122': 32, '89127267': -10, '89173763': 3, '89173808': -15, 'cluster_1427494838_273472399': -12, 'cluster_1757124350_1757124352': -9, 'cluster_1863241547_1863241548_1976170214': -1, 'cluster_306484187_cluster_1200363791_1200363826_1200363834_1200363898_1200363927_1200363938_1200363947_1200364074_1200364103_1507566554_1507566556_255882157_306484190': 2, 'gneJ143': -1, 'gneJ207': 7, 'gneJ208': 19, 'gneJ210': -22, 'gneJ255': -23, 'gneJ257': -5}, {'1863241632': 5, '2330725114': 2, '243351999': 5, '243641585': 22, '243749571': 21, '30503246': 1, '30624898': 17, '32564122': 1, '89127267': 23, '89173763': 6, '89173808': 8, 'cluster_1427494838_273472399': 3, 'cluster_1757124350_1757124352': 9, 'cluster_1863241547_1863241548_1976170214': 4, 'cluster_306484187_cluster_1200363791_1200363826_1200363834_1200363898_1200363927_1200363938_1200363947_1200364074_1200364103_1507566554_1507566556_255882157_306484190': 2, 'gneJ143': 1, 'gneJ207': 1, 'gneJ208': 10, 'gneJ210': 7, 'gneJ255': 15, 'gneJ257': 6}, {'1863241632': 7, '2330725114': 5, '243351999': 7, '243641585': 49, '243749571': 57, '30503246': 2, '30624898': 28, '32564122': 3, '89127267': 27, '89173763': 9, '89173808': 16, 'cluster_1427494838_273472399': 12, 'cluster_1757124350_1757124352': 9, 'cluster_1863241547_1863241548_1976170214': 9, 'cluster_306484187_cluster_1200363791_1200363826_1200363834_1200363898_1200363927_1200363938_1200363947_1200364074_1200364103_1507566554_1507566556_255882157_306484190': 3, 'gneJ143': 1, 'gneJ207': 1, 'gneJ208': 14, 'gneJ210': 22, 'gneJ255': 31, 'gneJ257': 8}, 
59220.0, {'1863241632': -5, '2330725114': -4, '243351999': -2, '243641585': -47, '243749571': -46, '30503246': -2, '30624898': -23, '32564122': 32, '89127267': -10, '89173763': -1, '89173808': -15, 'cluster_1427494838_273472399': -12, 'cluster_1757124350_1757124352': -9, 'cluster_1863241547_1863241548_1976170214': 1, 'cluster_306484187_cluster_1200363791_1200363826_1200363834_1200363898_1200363927_1200363938_1200363947_1200364074_1200364103_1507566554_1507566556_255882157_306484190': -1, 'gneJ143': -2, 'gneJ207': 9, 'gneJ208': 19, 'gneJ210': -22, 'gneJ255': -23, 'gneJ257': -5}, {'1863241632': 5, '2330725114': 2, '243351999': 2, '243641585': 22, '243749571': 21, '30503246': 1, '30624898': 17, '32564122': 1, '89127267': 23, '89173763': 6, '89173808': 8, 'cluster_1427494838_273472399': 3, 'cluster_1757124350_1757124352': 9, 'cluster_1863241547_1863241548_1976170214': 6, 'cluster_306484187_cluster_1200363791_1200363826_1200363834_1200363898_1200363927_1200363938_1200363947_1200364074_1200364103_1507566554_1507566556_255882157_306484190': 2, 'gneJ143': 2, 'gneJ207': 1, 'gneJ208': 10, 'gneJ210': 7, 'gneJ255': 15, 'gneJ257': 6}, {'1863241632': 7, '2330725114': 5, '243351999': 3, '243641585': 49, '243749571': 57, '30503246': 2, '30624898': 28, '32564122': 3, '89127267': 27, '89173763': 9, '89173808': 16, 'cluster_1427494838_273472399': 12, 'cluster_1757124350_1757124352': 9, 'cluster_1863241547_1863241548_1976170214': 7, 'cluster_306484187_cluster_1200363791_1200363826_1200363834_1200363898_1200363927_1200363938_1200363947_1200364074_1200364103_1507566554_1507566556_255882157_306484190': 3, 'gneJ143': 2, 'gneJ207': 1, 'gneJ208': 14, 'gneJ210': 22, 'gneJ255': 31, 'gneJ257': 8}, 
59230.0, {'1863241632': -3, '2330725114': -5, '243351999': -2, '243641585': -47, '243749571': -46, '30503246': -2, '30624898': -23, '32564122': 35, '89127267': -10, '89173763': -1, '89173808': -15, 'cluster_1427494838_273472399': -12, 'cluster_1757124350_1757124352': -9, 'cluster_1863241547_1863241548_1976170214': -8, 'cluster_306484187_cluster_1200363791_1200363826_1200363834_1200363898_1200363927_1200363938_1200363947_1200364074_1200364103_1507566554_1507566556_255882157_306484190': -1, 'gneJ143': -2, 'gneJ207': 7, 'gneJ208': 19, 'gneJ210': -22, 'gneJ255': -23, 'gneJ257': -8}, {'1863241632': 5, '2330725114': 3, '243351999': 2, '243641585': 22, '243749571': 21, '30503246': 1, '30624898': 17, '32564122': 0, '89127267': 23, '89173763': 6, '89173808': 8, 'cluster_1427494838_273472399': 3, 'cluster_1757124350_1757124352': 9, 'cluster_1863241547_1863241548_1976170214': 6, 'cluster_306484187_cluster_1200363791_1200363826_1200363834_1200363898_1200363927_1200363938_1200363947_1200364074_1200364103_1507566554_1507566556_255882157_306484190': 2, 'gneJ143': 2, 'gneJ207': 1, 'gneJ208': 10, 'gneJ210': 7, 'gneJ255': 15, 'gneJ257': 6}, {'1863241632': 7, '2330725114': 6, '243351999': 3, '243641585': 49, '243749571': 57, '30503246': 2, '30624898': 28, '32564122': 0, '89127267': 27, '89173763': 9, '89173808': 16, 'cluster_1427494838_273472399': 12, 'cluster_1757124350_1757124352': 9, 'cluster_1863241547_1863241548_1976170214': 16, 'cluster_306484187_cluster_1200363791_1200363826_1200363834_1200363898_1200363927_1200363938_1200363947_1200364074_1200364103_1507566554_1507566556_255882157_306484190': 3, 'gneJ143': 2, 'gneJ207': 1, 'gneJ208': 14, 'gneJ210': 22, 'gneJ255': 31, 'gneJ257': 8}, 
59240.0, {'1863241632': 3, '2330725114': -11, '243351999': 2, '243641585': -47, '243749571': -46, '30503246': -2, '30624898': -23, '32564122': 34, '89127267': -10, '89173763': -2, '89173808': -15, 'cluster_1427494838_273472399': -12, 'cluster_1757124350_1757124352': -8, 'cluster_1863241547_1863241548_1976170214': -18, 'cluster_306484187_cluster_1200363791_1200363826_1200363834_1200363898_1200363927_1200363938_1200363947_1200364074_1200364103_1507566554_1507566556_255882157_306484190': -3, 'gneJ143': -6, 'gneJ207': 7, 'gneJ208': 19, 'gneJ210': -22, 'gneJ255': -23, 'gneJ257': -8}, {'1863241632': 5, '2330725114': 8, '243351999': 1, '243641585': 22, '243749571': 21, '30503246': 1, '30624898': 17, '32564122': 1, '89127267': 23, '89173763': 6, '89173808': 8, 'cluster_1427494838_273472399': 3, 'cluster_1757124350_1757124352': 9, 'cluster_1863241547_1863241548_1976170214': 7, 'cluster_306484187_cluster_1200363791_1200363826_1200363834_1200363898_1200363927_1200363938_1200363947_1200364074_1200364103_1507566554_1507566556_255882157_306484190': 2, 'gneJ143': 5, 'gneJ207': 1, 'gneJ208': 10, 'gneJ210': 7, 'gneJ255': 15, 'gneJ257': 6}, {'1863241632': 6, '2330725114': 11, '243351999': 1, '243641585': 49, '243749571': 57, '30503246': 2, '30624898': 28, '32564122': 1, '89127267': 27, '89173763': 12, '89173808': 16, 'cluster_1427494838_273472399': 12, 'cluster_1757124350_1757124352': 9, 'cluster_1863241547_1863241548_1976170214': 26, 'cluster_306484187_cluster_1200363791_1200363826_1200363834_1200363898_1200363927_1200363938_1200363947_1200364074_1200364103_1507566554_1507566556_255882157_306484190': 4, 'gneJ143': 6, 'gneJ207': 1, 'gneJ208': 14, 'gneJ210': 22, 'gneJ255': 31, 'gneJ257': 8}, 
59250.0, {'1863241632': 8, '2330725114': -16, '243351999': 1, '243641585': -47, '243749571': -46, '30503246': -2, '30624898': -23, '32564122': 35, '89127267': -10, '89173763': 1, '89173808': -15, 'cluster_1427494838_273472399': -12, 'cluster_1757124350_1757124352': -9, 'cluster_1863241547_1863241548_1976170214': -19, 'cluster_306484187_cluster_1200363791_1200363826_1200363834_1200363898_1200363927_1200363938_1200363947_1200364074_1200364103_1507566554_1507566556_255882157_306484190': -1, 'gneJ143': -5, 'gneJ207': 7, 'gneJ208': 19, 'gneJ210': -22, 'gneJ255': -25, 'gneJ257': -8}, {'1863241632': 5, '2330725114': 13, '243351999': 0, '243641585': 22, '243749571': 21, '30503246': 1, '30624898': 17, '32564122': 2, '89127267': 23, '89173763': 6, '89173808': 8, 'cluster_1427494838_273472399': 3, 'cluster_1757124350_1757124352': 9, 'cluster_1863241547_1863241548_1976170214': 7, 'cluster_306484187_cluster_1200363791_1200363826_1200363834_1200363898_1200363927_1200363938_1200363947_1200364074_1200364103_1507566554_1507566556_255882157_306484190': 2, 'gneJ143': 5, 'gneJ207': 1, 'gneJ208': 10, 'gneJ210': 7, 'gneJ255': 15, 'gneJ257': 6}, {'1863241632': 6, '2330725114': 16, '243351999': 0, '243641585': 49, '243749571': 57, '30503246': 2, '30624898': 28, '32564122': 2, '89127267': 27, '89173763': 9, '89173808': 16, 'cluster_1427494838_273472399': 12, 'cluster_1757124350_1757124352': 9, 'cluster_1863241547_1863241548_1976170214': 27, 'cluster_306484187_cluster_1200363791_1200363826_1200363834_1200363898_1200363927_1200363938_1200363947_1200364074_1200364103_1507566554_1507566556_255882157_306484190': 3, 'gneJ143': 5, 'gneJ207': 1, 'gneJ208': 14, 'gneJ210': 22, 'gneJ255': 33, 'gneJ257': 8}, 
59260.0, {'1863241632': 7, '2330725114': -15, '243351999': 0, '243641585': -47, '243749571': -46, '30503246': -2, '30624898': -23, '32564122': 35, '89127267': -10, '89173763': 2, '89173808': -15, 'cluster_1427494838_273472399': -13, 'cluster_1757124350_1757124352': -9, 'cluster_1863241547_1863241548_1976170214': -19, 'cluster_306484187_cluster_1200363791_1200363826_1200363834_1200363898_1200363927_1200363938_1200363947_1200364074_1200364103_1507566554_1507566556_255882157_306484190': -1, 'gneJ143': -5, 'gneJ207': 7, 'gneJ208': 19, 'gneJ210': -22, 'gneJ255': -25, 'gneJ257': -8}, {'1863241632': 5, '2330725114': 13, '243351999': 1, '243641585': 22, '243749571': 21, '30503246': 1, '30624898': 17, '32564122': 3, '89127267': 23, '89173763': 6, '89173808': 8, 'cluster_1427494838_273472399': 4, 'cluster_1757124350_1757124352': 9, 'cluster_1863241547_1863241548_1976170214': 7, 'cluster_306484187_cluster_1200363791_1200363826_1200363834_1200363898_1200363927_1200363938_1200363947_1200364074_1200364103_1507566554_1507566556_255882157_306484190': 2, 'gneJ143': 5, 'gneJ207': 1, 'gneJ208': 10, 'gneJ210': 7, 'gneJ255': 15, 'gneJ257': 6}, {'1863241632': 7, '2330725114': 16, '243351999': 1, '243641585': 49, '243749571': 57, '30503246': 2, '30624898': 28, '32564122': 3, '89127267': 27, '89173763': 9, '89173808': 16, 'cluster_1427494838_273472399': 13, 'cluster_1757124350_1757124352': 9, 'cluster_1863241547_1863241548_1976170214': 27, 'cluster_306484187_cluster_1200363791_1200363826_1200363834_1200363898_1200363927_1200363938_1200363947_1200364074_1200364103_1507566554_1507566556_255882157_306484190': 4, 'gneJ143': 5, 'gneJ207': 1, 'gneJ208': 14, 'gneJ210': 22, 'gneJ255': 33, 'gneJ257': 8}, 
59270.0, {'1863241632': 7, '2330725114': -16, '243351999': 0, '243641585': -47, '243749571': -46, '30503246': -2, '30624898': -23, '32564122': 36, '89127267': -10, '89173763': 2, '89173808': -15, 'cluster_1427494838_273472399': -13, 'cluster_1757124350_1757124352': -9, 'cluster_1863241547_1863241548_1976170214': -19, 'cluster_306484187_cluster_1200363791_1200363826_1200363834_1200363898_1200363927_1200363938_1200363947_1200364074_1200364103_1507566554_1507566556_255882157_306484190': -2, 'gneJ143': -5, 'gneJ207': 7, 'gneJ208': 19, 'gneJ210': -22, 'gneJ255': -25, 'gneJ257': -8}, {'1863241632': 5, '2330725114': 13, '243351999': 1, '243641585': 22, '243749571': 21, '30503246': 1, '30624898': 17, '32564122': 3, '89127267': 23, '89173763': 6, '89173808': 8, 'cluster_1427494838_273472399': 4, 'cluster_1757124350_1757124352': 9, 'cluster_1863241547_1863241548_1976170214': 7, 'cluster_306484187_cluster_1200363791_1200363826_1200363834_1200363898_1200363927_1200363938_1200363947_1200364074_1200364103_1507566554_1507566556_255882157_306484190': 2, 'gneJ143': 5, 'gneJ207': 1, 'gneJ208': 10, 'gneJ210': 7, 'gneJ255': 15, 'gneJ257': 6}, {'1863241632': 7, '2330725114': 17, '243351999': 1, '243641585': 49, '243749571': 57, '30503246': 2, '30624898': 28, '32564122': 3, '89127267': 27, '89173763': 9, '89173808': 16, 'cluster_1427494838_273472399': 13, 'cluster_1757124350_1757124352': 9, 'cluster_1863241547_1863241548_1976170214': 27, 'cluster_306484187_cluster_1200363791_1200363826_1200363834_1200363898_1200363927_1200363938_1200363947_1200364074_1200364103_1507566554_1507566556_255882157_306484190': 5, 'gneJ143': 5, 'gneJ207': 1, 'gneJ208': 14, 'gneJ210': 22, 'gneJ255': 33, 'gneJ257': 8}, 
59280.0, {'1863241632': 7, '2330725114': -15, '243351999': 0, '243641585': -47, '243749571': -46, '30503246': -2, '30624898': -23, '32564122': 35, '89127267': -10, '89173763': 2, '89173808': -15, 'cluster_1427494838_273472399': -13, 'cluster_1757124350_1757124352': -9, 'cluster_1863241547_1863241548_1976170214': -19, 'cluster_306484187_cluster_1200363791_1200363826_1200363834_1200363898_1200363927_1200363938_1200363947_1200364074_1200364103_1507566554_1507566556_255882157_306484190': -1, 'gneJ143': -6, 'gneJ207': 10, 'gneJ208': 19, 'gneJ210': -22, 'gneJ255': -25, 'gneJ257': -8}, {'1863241632': 5, '2330725114': 13, '243351999': 1, '243641585': 22, '243749571': 21, '30503246': 1, '30624898': 17, '32564122': 4, '89127267': 23, '89173763': 6, '89173808': 8, 'cluster_1427494838_273472399': 4, 'cluster_1757124350_1757124352': 9, 'cluster_1863241547_1863241548_1976170214': 7, 'cluster_306484187_cluster_1200363791_1200363826_1200363834_1200363898_1200363927_1200363938_1200363947_1200364074_1200364103_1507566554_1507566556_255882157_306484190': 2, 'gneJ143': 3, 'gneJ207': 1, 'gneJ208': 10, 'gneJ210': 7, 'gneJ255': 15, 'gneJ257': 6}, {'1863241632': 7, '2330725114': 16, '243351999': 1, '243641585': 49, '243749571': 57, '30503246': 2, '30624898': 28, '32564122': 4, '89127267': 27, '89173763': 9, '89173808': 16, 'cluster_1427494838_273472399': 13, 'cluster_1757124350_1757124352': 9, 'cluster_1863241547_1863241548_1976170214': 27, 'cluster_306484187_cluster_1200363791_1200363826_1200363834_1200363898_1200363927_1200363938_1200363947_1200364074_1200364103_1507566554_1507566556_255882157_306484190': 5, 'gneJ143': 6, 'gneJ207': 1, 'gneJ208': 14, 'gneJ210': 22, 'gneJ255': 33, 'gneJ257': 8}, 
59290.0, {'1863241632': 7, '2330725114': -15, '243351999': 0, '243641585': -47, '243749571': -46, '30503246': -2, '30624898': -23, '32564122': 34, '89127267': -10, '89173763': 2, '89173808': -15, 'cluster_1427494838_273472399': -13, 'cluster_1757124350_1757124352': -9, 'cluster_1863241547_1863241548_1976170214': -20, 'cluster_306484187_cluster_1200363791_1200363826_1200363834_1200363898_1200363927_1200363938_1200363947_1200364074_1200364103_1507566554_1507566556_255882157_306484190': 0, 'gneJ143': -6, 'gneJ207': 13, 'gneJ208': 19, 'gneJ210': -22, 'gneJ255': -25, 'gneJ257': -8}, {'1863241632': 5, '2330725114': 13, '243351999': 1, '243641585': 22, '243749571': 21, '30503246': 1, '30624898': 17, '32564122': 5, '89127267': 23, '89173763': 6, '89173808': 8, 'cluster_1427494838_273472399': 4, 'cluster_1757124350_1757124352': 9, 'cluster_1863241547_1863241548_1976170214': 7, 'cluster_306484187_cluster_1200363791_1200363826_1200363834_1200363898_1200363927_1200363938_1200363947_1200364074_1200364103_1507566554_1507566556_255882157_306484190': 2, 'gneJ143': 3, 'gneJ207': 1, 'gneJ208': 10, 'gneJ210': 7, 'gneJ255': 15, 'gneJ257': 6}, {'1863241632': 7, '2330725114': 16, '243351999': 1, '243641585': 49, '243749571': 57, '30503246': 2, '30624898': 28, '32564122': 5, '89127267': 27, '89173763': 9, '89173808': 16, 'cluster_1427494838_273472399': 13, 'cluster_1757124350_1757124352': 9, 'cluster_1863241547_1863241548_1976170214': 28, 'cluster_306484187_cluster_1200363791_1200363826_1200363834_1200363898_1200363927_1200363938_1200363947_1200364074_1200364103_1507566554_1507566556_255882157_306484190': 5, 'gneJ143': 6, 'gneJ207': 1, 'gneJ208': 14, 'gneJ210': 22, 'gneJ255': 33, 'gneJ257': 8}, 
59300.0, {'1863241632': 7, '2330725114': -15, '243351999': 0, '243641585': -47, '243749571': -46, '30503246': -2, '30624898': -23, '32564122': 31, '89127267': -10, '89173763': 2, '89173808': -15, 'cluster_1427494838_273472399': -13, 'cluster_1757124350_1757124352': -9, 'cluster_1863241547_1863241548_1976170214': -20, 'cluster_306484187_cluster_1200363791_1200363826_1200363834_1200363898_1200363927_1200363938_1200363947_1200364074_1200364103_1507566554_1507566556_255882157_306484190': 3, 'gneJ143': 0, 'gneJ207': 7, 'gneJ208': 19, 'gneJ210': -22, 'gneJ255': -25, 'gneJ257': -8}, {'1863241632': 5, '2330725114': 13, '243351999': 1, '243641585': 22, '243749571': 21, '30503246': 1, '30624898': 17, '32564122': 8, '89127267': 23, '89173763': 6, '89173808': 8, 'cluster_1427494838_273472399': 4, 'cluster_1757124350_1757124352': 9, 'cluster_1863241547_1863241548_1976170214': 7, 'cluster_306484187_cluster_1200363791_1200363826_1200363834_1200363898_1200363927_1200363938_1200363947_1200364074_1200364103_1507566554_1507566556_255882157_306484190': 2, 'gneJ143': 0, 'gneJ207': 1, 'gneJ208': 10, 'gneJ210': 7, 'gneJ255': 15, 'gneJ257': 6}, {'1863241632': 7, '2330725114': 16, '243351999': 1, '243641585': 49, '243749571': 57, '30503246': 2, '30624898': 28, '32564122': 8, '89127267': 27, '89173763': 9, '89173808': 16, 'cluster_1427494838_273472399': 13, 'cluster_1757124350_1757124352': 9, 'cluster_1863241547_1863241548_1976170214': 28, 'cluster_306484187_cluster_1200363791_1200363826_1200363834_1200363898_1200363927_1200363938_1200363947_1200364074_1200364103_1507566554_1507566556_255882157_306484190': 5, 'gneJ143': 0, 'gneJ207': 1, 'gneJ208': 14, 'gneJ210': 22, 'gneJ255': 33, 'gneJ257': 8}, 
59310.0, {'1863241632': 7, '2330725114': -15, '243351999': 0, '243641585': -47, '243749571': -46, '30503246': -2, '30624898': -23, '32564122': 31, '89127267': -10, '89173763': 1, '89173808': -15, 'cluster_1427494838_273472399': -13, 'cluster_1757124350_1757124352': -9, 'cluster_1863241547_1863241548_1976170214': -22, 'cluster_306484187_cluster_1200363791_1200363826_1200363834_1200363898_1200363927_1200363938_1200363947_1200364074_1200364103_1507566554_1507566556_255882157_306484190': 3, 'gneJ143': -4, 'gneJ207': 6, 'gneJ208': 19, 'gneJ210': -22, 'gneJ255': -25, 'gneJ257': -8}, {'1863241632': 5, '2330725114': 13, '243351999': 1, '243641585': 22, '243749571': 21, '30503246': 1, '30624898': 17, '32564122': 8, '89127267': 23, '89173763': 6, '89173808': 8, 'cluster_1427494838_273472399': 4, 'cluster_1757124350_1757124352': 9, 'cluster_1863241547_1863241548_1976170214': 7, 'cluster_306484187_cluster_1200363791_1200363826_1200363834_1200363898_1200363927_1200363938_1200363947_1200364074_1200364103_1507566554_1507566556_255882157_306484190': 2, 'gneJ143': 4, 'gneJ207': 1, 'gneJ208': 10, 'gneJ210': 7, 'gneJ255': 15, 'gneJ257': 6}, {'1863241632': 7, '2330725114': 16, '243351999': 1, '243641585': 49, '243749571': 57, '30503246': 2, '30624898': 28, '32564122': 8, '89127267': 27, '89173763': 9, '89173808': 16, 'cluster_1427494838_273472399': 13, 'cluster_1757124350_1757124352': 9, 'cluster_1863241547_1863241548_1976170214': 30, 'cluster_306484187_cluster_1200363791_1200363826_1200363834_1200363898_1200363927_1200363938_1200363947_1200364074_1200364103_1507566554_1507566556_255882157_306484190': 5, 'gneJ143': 4, 'gneJ207': 2, 'gneJ208': 14, 'gneJ210': 22, 'gneJ255': 33, 'gneJ257': 8}, 
59320.0, {'1863241632': 7, '2330725114': -15, '243351999': 0, '243641585': -47, '243749571': -46, '30503246': -2, '30624898': -23, '32564122': 31, '89127267': -10, '89173763': 1, '89173808': -15, 'cluster_1427494838_273472399': -13, 'cluster_1757124350_1757124352': -9, 'cluster_1863241547_1863241548_1976170214': -22, 'cluster_306484187_cluster_1200363791_1200363826_1200363834_1200363898_1200363927_1200363938_1200363947_1200364074_1200364103_1507566554_1507566556_255882157_306484190': 3, 'gneJ143': -4, 'gneJ207': 7, 'gneJ208': 19, 'gneJ210': -22, 'gneJ255': -25, 'gneJ257': -8}, {'1863241632': 5, '2330725114': 13, '243351999': 1, '243641585': 22, '243749571': 21, '30503246': 1, '30624898': 17, '32564122': 8, '89127267': 23, '89173763': 6, '89173808': 8, 'cluster_1427494838_273472399': 4, 'cluster_1757124350_1757124352': 9, 'cluster_1863241547_1863241548_1976170214': 7, 'cluster_306484187_cluster_1200363791_1200363826_1200363834_1200363898_1200363927_1200363938_1200363947_1200364074_1200364103_1507566554_1507566556_255882157_306484190': 2, 'gneJ143': 4, 'gneJ207': 1, 'gneJ208': 10, 'gneJ210': 7, 'gneJ255': 15, 'gneJ257': 6}, {'1863241632': 7, '2330725114': 16, '243351999': 1, '243641585': 49, '243749571': 57, '30503246': 2, '30624898': 28, '32564122': 8, '89127267': 27, '89173763': 9, '89173808': 16, 'cluster_1427494838_273472399': 13, 'cluster_1757124350_1757124352': 9, 'cluster_1863241547_1863241548_1976170214': 30, 'cluster_306484187_cluster_1200363791_1200363826_1200363834_1200363898_1200363927_1200363938_1200363947_1200364074_1200364103_1507566554_1507566556_255882157_306484190': 5, 'gneJ143': 4, 'gneJ207': 1, 'gneJ208': 14, 'gneJ210': 22, 'gneJ255': 33, 'gneJ257': 8}, 
59330.0, {'1863241632': 7, '2330725114': -15, '243351999': 0, '243641585': -47, '243749571': -46, '30503246': -2, '30624898': -23, '32564122': 31, '89127267': -10, '89173763': 1, '89173808': -7, 'cluster_1427494838_273472399': -13, 'cluster_1757124350_1757124352': -9, 'cluster_1863241547_1863241548_1976170214': -22, 'cluster_306484187_cluster_1200363791_1200363826_1200363834_1200363898_1200363927_1200363938_1200363947_1200364074_1200364103_1507566554_1507566556_255882157_306484190': 3, 'gneJ143': -5, 'gneJ207': 4, 'gneJ208': 19, 'gneJ210': -22, 'gneJ255': -25, 'gneJ257': -8}, {'1863241632': 5, '2330725114': 13, '243351999': 1, '243641585': 22, '243749571': 21, '30503246': 1, '30624898': 17, '32564122': 8, '89127267': 23, '89173763': 6, '89173808': 5, 'cluster_1427494838_273472399': 4, 'cluster_1757124350_1757124352': 9, 'cluster_1863241547_1863241548_1976170214': 7, 'cluster_306484187_cluster_1200363791_1200363826_1200363834_1200363898_1200363927_1200363938_1200363947_1200364074_1200364103_1507566554_1507566556_255882157_306484190': 2, 'gneJ143': 5, 'gneJ207': 1, 'gneJ208': 10, 'gneJ210': 7, 'gneJ255': 15, 'gneJ257': 6}, {'1863241632': 7, '2330725114': 16, '243351999': 1, '243641585': 49, '243749571': 57, '30503246': 2, '30624898': 28, '32564122': 8, '89127267': 27, '89173763': 9, '89173808': 8, 'cluster_1427494838_273472399': 13, 'cluster_1757124350_1757124352': 9, 'cluster_1863241547_1863241548_1976170214': 30, 'cluster_306484187_cluster_1200363791_1200363826_1200363834_1200363898_1200363927_1200363938_1200363947_1200364074_1200364103_1507566554_1507566556_255882157_306484190': 5, 'gneJ143': 5, 'gneJ207': 1, 'gneJ208': 14, 'gneJ210': 22, 'gneJ255': 33, 'gneJ257': 8}, 
59340.0, {'1863241632': 7, '2330725114': -15, '243351999': 0, '243641585': -47, '243749571': -46, '30503246': -2, '30624898': -23, '32564122': 31, '89127267': -10, '89173763': 1, '89173808': -9, 'cluster_1427494838_273472399': -13, 'cluster_1757124350_1757124352': -8, 'cluster_1863241547_1863241548_1976170214': -12, 'cluster_306484187_cluster_1200363791_1200363826_1200363834_1200363898_1200363927_1200363938_1200363947_1200364074_1200364103_1507566554_1507566556_255882157_306484190': 3, 'gneJ143': -5, 'gneJ207': 6, 'gneJ208': 19, 'gneJ210': -22, 'gneJ255': -25, 'gneJ257': -8}, {'1863241632': 5, '2330725114': 13, '243351999': 1, '243641585': 22, '243749571': 21, '30503246': 1, '30624898': 17, '32564122': 8, '89127267': 23, '89173763': 6, '89173808': 5, 'cluster_1427494838_273472399': 4, 'cluster_1757124350_1757124352': 9, 'cluster_1863241547_1863241548_1976170214': 5, 'cluster_306484187_cluster_1200363791_1200363826_1200363834_1200363898_1200363927_1200363938_1200363947_1200364074_1200364103_1507566554_1507566556_255882157_306484190': 2, 'gneJ143': 2, 'gneJ207': 1, 'gneJ208': 10, 'gneJ210': 7, 'gneJ255': 15, 'gneJ257': 6}, {'1863241632': 7, '2330725114': 16, '243351999': 1, '243641585': 49, '243749571': 57, '30503246': 2, '30624898': 28, '32564122': 8, '89127267': 27, '89173763': 9, '89173808': 10, 'cluster_1427494838_273472399': 13, 'cluster_1757124350_1757124352': 9, 'cluster_1863241547_1863241548_1976170214': 20, 'cluster_306484187_cluster_1200363791_1200363826_1200363834_1200363898_1200363927_1200363938_1200363947_1200364074_1200364103_1507566554_1507566556_255882157_306484190': 5, 'gneJ143': 5, 'gneJ207': 1, 'gneJ208': 14, 'gneJ210': 22, 'gneJ255': 33, 'gneJ257': 8}, 
59350.0, {'1863241632': 6, '2330725114': -16, '243351999': 0, '243641585': -47, '243749571': -46, '30503246': -2, '30624898': -23, '32564122': 31, '89127267': -10, '89173763': 1, '89173808': -13, 'cluster_1427494838_273472399': -13, 'cluster_1757124350_1757124352': -9, 'cluster_1863241547_1863241548_1976170214': 1, 'cluster_306484187_cluster_1200363791_1200363826_1200363834_1200363898_1200363927_1200363938_1200363947_1200364074_1200364103_1507566554_1507566556_255882157_306484190': 3, 'gneJ143': -2, 'gneJ207': 7, 'gneJ208': 19, 'gneJ210': -22, 'gneJ255': -25, 'gneJ257': -8}, {'1863241632': 5, '2330725114': 13, '243351999': 1, '243641585': 22, '243749571': 21, '30503246': 1, '30624898': 17, '32564122': 8, '89127267': 23, '89173763': 6, '89173808': 8, 'cluster_1427494838_273472399': 4, 'cluster_1757124350_1757124352': 9, 'cluster_1863241547_1863241548_1976170214': 4, 'cluster_306484187_cluster_1200363791_1200363826_1200363834_1200363898_1200363927_1200363938_1200363947_1200364074_1200364103_1507566554_1507566556_255882157_306484190': 2, 'gneJ143': 2, 'gneJ207': 1, 'gneJ208': 10, 'gneJ210': 7, 'gneJ255': 15, 'gneJ257': 6}, {'1863241632': 8, '2330725114': 17, '243351999': 1, '243641585': 49, '243749571': 57, '30503246': 2, '30624898': 28, '32564122': 8, '89127267': 27, '89173763': 9, '89173808': 14, 'cluster_1427494838_273472399': 13, 'cluster_1757124350_1757124352': 9, 'cluster_1863241547_1863241548_1976170214': 8, 'cluster_306484187_cluster_1200363791_1200363826_1200363834_1200363898_1200363927_1200363938_1200363947_1200364074_1200364103_1507566554_1507566556_255882157_306484190': 5, 'gneJ143': 2, 'gneJ207': 1, 'gneJ208': 14, 'gneJ210': 22, 'gneJ255': 33, 'gneJ257': 8}, 
59360.0, {'1863241632': 4, '2330725114': -17, '243351999': 0, '243641585': -47, '243749571': -46, '30503246': -2, '30624898': -23, '32564122': 29, '89127267': -10, '89173763': 0, '89173808': -13, 'cluster_1427494838_273472399': -13, 'cluster_1757124350_1757124352': -9, 'cluster_1863241547_1863241548_1976170214': -1, 'cluster_306484187_cluster_1200363791_1200363826_1200363834_1200363898_1200363927_1200363938_1200363947_1200364074_1200364103_1507566554_1507566556_255882157_306484190': 5, 'gneJ143': -1, 'gneJ207': 7, 'gneJ208': 19, 'gneJ210': -22, 'gneJ255': -25, 'gneJ257': -8}, {'1863241632': 5, '2330725114': 13, '243351999': 1, '243641585': 22, '243749571': 21, '30503246': 1, '30624898': 17, '32564122': 8, '89127267': 23, '89173763': 6, '89173808': 8, 'cluster_1427494838_273472399': 4, 'cluster_1757124350_1757124352': 9, 'cluster_1863241547_1863241548_1976170214': 6, 'cluster_306484187_cluster_1200363791_1200363826_1200363834_1200363898_1200363927_1200363938_1200363947_1200364074_1200364103_1507566554_1507566556_255882157_306484190': 2, 'gneJ143': 1, 'gneJ207': 1, 'gneJ208': 10, 'gneJ210': 7, 'gneJ255': 15, 'gneJ257': 6}, {'1863241632': 9, '2330725114': 18, '243351999': 1, '243641585': 49, '243749571': 57, '30503246': 2, '30624898': 28, '32564122': 10, '89127267': 27, '89173763': 9, '89173808': 14, 'cluster_1427494838_273472399': 13, 'cluster_1757124350_1757124352': 9, 'cluster_1863241547_1863241548_1976170214': 11, 'cluster_306484187_cluster_1200363791_1200363826_1200363834_1200363898_1200363927_1200363938_1200363947_1200364074_1200364103_1507566554_1507566556_255882157_306484190': 5, 'gneJ143': 1, 'gneJ207': 2, 'gneJ208': 14, 'gneJ210': 22, 'gneJ255': 33, 'gneJ257': 8}, 
59370.0, {'1863241632': 4, '2330725114': -20, '243351999': 0, '243641585': -47, '243749571': -47, '30503246': -2, '30624898': -23, '32564122': 28, '89127267': -10, '89173763': 1, '89173808': -13, 'cluster_1427494838_273472399': -13, 'cluster_1757124350_1757124352': -9, 'cluster_1863241547_1863241548_1976170214': 2, 'cluster_306484187_cluster_1200363791_1200363826_1200363834_1200363898_1200363927_1200363938_1200363947_1200364074_1200364103_1507566554_1507566556_255882157_306484190': 6, 'gneJ143': 0, 'gneJ207': 7, 'gneJ208': 20, 'gneJ210': -22, 'gneJ255': -25, 'gneJ257': -8}, {'1863241632': 5, '2330725114': 13, '243351999': 1, '243641585': 22, '243749571': 21, '30503246': 1, '30624898': 17, '32564122': 8, '89127267': 23, '89173763': 6, '89173808': 8, 'cluster_1427494838_273472399': 4, 'cluster_1757124350_1757124352': 9, 'cluster_1863241547_1863241548_1976170214': 4, 'cluster_306484187_cluster_1200363791_1200363826_1200363834_1200363898_1200363927_1200363938_1200363947_1200364074_1200364103_1507566554_1507566556_255882157_306484190': 2, 'gneJ143': 0, 'gneJ207': 1, 'gneJ208': 10, 'gneJ210': 7, 'gneJ255': 15, 'gneJ257': 6}, {'1863241632': 10, '2330725114': 21, '243351999': 1, '243641585': 49, '243749571': 58, '30503246': 2, '30624898': 28, '32564122': 11, '89127267': 27, '89173763': 9, '89173808': 14, 'cluster_1427494838_273472399': 13, 'cluster_1757124350_1757124352': 9, 'cluster_1863241547_1863241548_1976170214': 9, 'cluster_306484187_cluster_1200363791_1200363826_1200363834_1200363898_1200363927_1200363938_1200363947_1200364074_1200364103_1507566554_1507566556_255882157_306484190': 5, 'gneJ143': 0, 'gneJ207': 1, 'gneJ208': 14, 'gneJ210': 22, 'gneJ255': 33, 'gneJ257': 8}, 
59380.0, {'1863241632': 0, '2330725114': -21, '243351999': 0, '243641585': -47, '243749571': -47, '30503246': -2, '30624898': -23, '32564122': 28, '89127267': -10, '89173763': -1, '89173808': -13, 'cluster_1427494838_273472399': -13, 'cluster_1757124350_1757124352': -9, 'cluster_1863241547_1863241548_1976170214': 4, 'cluster_306484187_cluster_1200363791_1200363826_1200363834_1200363898_1200363927_1200363938_1200363947_1200364074_1200364103_1507566554_1507566556_255882157_306484190': 6, 'gneJ143': 0, 'gneJ207': 7, 'gneJ208': 20, 'gneJ210': -22, 'gneJ255': -25, 'gneJ257': -8}, {'1863241632': 5, '2330725114': 10, '243351999': 1, '243641585': 22, '243749571': 21, '30503246': 1, '30624898': 17, '32564122': 8, '89127267': 23, '89173763': 6, '89173808': 8, 'cluster_1427494838_273472399': 4, 'cluster_1757124350_1757124352': 9, 'cluster_1863241547_1863241548_1976170214': 4, 'cluster_306484187_cluster_1200363791_1200363826_1200363834_1200363898_1200363927_1200363938_1200363947_1200364074_1200364103_1507566554_1507566556_255882157_306484190': 2, 'gneJ143': 0, 'gneJ207': 1, 'gneJ208': 10, 'gneJ210': 7, 'gneJ255': 15, 'gneJ257': 6}, {'1863241632': 10, '2330725114': 22, '243351999': 1, '243641585': 49, '243749571': 58, '30503246': 2, '30624898': 28, '32564122': 11, '89127267': 27, '89173763': 9, '89173808': 14, 'cluster_1427494838_273472399': 13, 'cluster_1757124350_1757124352': 9, 'cluster_1863241547_1863241548_1976170214': 7, 'cluster_306484187_cluster_1200363791_1200363826_1200363834_1200363898_1200363927_1200363938_1200363947_1200364074_1200364103_1507566554_1507566556_255882157_306484190': 5, 'gneJ143': 0, 'gneJ207': 1, 'gneJ208': 14, 'gneJ210': 22, 'gneJ255': 33, 'gneJ257': 8}, 
59390.0, {'1863241632': 3, '2330725114': -23, '243351999': 0, '243641585': -47, '243749571': -47, '30503246': -2, '30624898': -23, '32564122': 28, '89127267': -10, '89173763': 1, '89173808': -13, 'cluster_1427494838_273472399': -13, 'cluster_1757124350_1757124352': -9, 'cluster_1863241547_1863241548_1976170214': 4, 'cluster_306484187_cluster_1200363791_1200363826_1200363834_1200363898_1200363927_1200363938_1200363947_1200364074_1200364103_1507566554_1507566556_255882157_306484190': 6, 'gneJ143': 0, 'gneJ207': 7, 'gneJ208': 20, 'gneJ210': -22, 'gneJ255': -25, 'gneJ257': -8}, {'1863241632': 5, '2330725114': 10, '243351999': 1, '243641585': 22, '243749571': 21, '30503246': 1, '30624898': 17, '32564122': 8, '89127267': 23, '89173763': 6, '89173808': 8, 'cluster_1427494838_273472399': 4, 'cluster_1757124350_1757124352': 9, 'cluster_1863241547_1863241548_1976170214': 3, 'cluster_306484187_cluster_1200363791_1200363826_1200363834_1200363898_1200363927_1200363938_1200363947_1200364074_1200364103_1507566554_1507566556_255882157_306484190': 2, 'gneJ143': 0, 'gneJ207': 1, 'gneJ208': 10, 'gneJ210': 7, 'gneJ255': 15, 'gneJ257': 6}, {'1863241632': 9, '2330725114': 23, '243351999': 1, '243641585': 49, '243749571': 58, '30503246': 2, '30624898': 28, '32564122': 11, '89127267': 27, '89173763': 9, '89173808': 14, 'cluster_1427494838_273472399': 13, 'cluster_1757124350_1757124352': 9, 'cluster_1863241547_1863241548_1976170214': 7, 'cluster_306484187_cluster_1200363791_1200363826_1200363834_1200363898_1200363927_1200363938_1200363947_1200364074_1200364103_1507566554_1507566556_255882157_306484190': 5, 'gneJ143': 0, 'gneJ207': 1, 'gneJ208': 14, 'gneJ210': 22, 'gneJ255': 33, 'gneJ257': 8}, 
59400.0, {'1863241632': -2, '2330725114': -23, '243351999': -1, '243641585': -47, '243749571': -47, '30503246': -2, '30624898': -23, '32564122': 28, '89127267': -10, '89173763': -1, '89173808': -13, 'cluster_1427494838_273472399': -13, 'cluster_1757124350_1757124352': -9, 'cluster_1863241547_1863241548_1976170214': 8, 'cluster_306484187_cluster_1200363791_1200363826_1200363834_1200363898_1200363927_1200363938_1200363947_1200364074_1200364103_1507566554_1507566556_255882157_306484190': 6, 'gneJ143': 0, 'gneJ207': 7, 'gneJ208': 20, 'gneJ210': -22, 'gneJ255': -25, 'gneJ257': -8}, {'1863241632': 5, '2330725114': 13, '243351999': 2, '243641585': 22, '243749571': 21, '30503246': 1, '30624898': 17, '32564122': 8, '89127267': 23, '89173763': 6, '89173808': 8, 'cluster_1427494838_273472399': 4, 'cluster_1757124350_1757124352': 9, 'cluster_1863241547_1863241548_1976170214': 2, 'cluster_306484187_cluster_1200363791_1200363826_1200363834_1200363898_1200363927_1200363938_1200363947_1200364074_1200364103_1507566554_1507566556_255882157_306484190': 2, 'gneJ143': 0, 'gneJ207': 1, 'gneJ208': 10, 'gneJ210': 7, 'gneJ255': 15, 'gneJ257': 6}, {'1863241632': 9, '2330725114': 23, '243351999': 2, '243641585': 49, '243749571': 58, '30503246': 2, '30624898': 28, '32564122': 11, '89127267': 27, '89173763': 9, '89173808': 14, 'cluster_1427494838_273472399': 13, 'cluster_1757124350_1757124352': 9, 'cluster_1863241547_1863241548_1976170214': 3, 'cluster_306484187_cluster_1200363791_1200363826_1200363834_1200363898_1200363927_1200363938_1200363947_1200364074_1200364103_1507566554_1507566556_255882157_306484190': 5, 'gneJ143': 0, 'gneJ207': 1, 'gneJ208': 14, 'gneJ210': 22, 'gneJ255': 33, 'gneJ257': 8}, 
59410.0, {'1863241632': -1, '2330725114': -23, '243351999': -1, '243641585': -47, '243749571': -47, '30503246': -2, '30624898': -23, '32564122': 28, '89127267': -10, '89173763': 1, '89173808': -13, 'cluster_1427494838_273472399': -13, 'cluster_1757124350_1757124352': -9, 'cluster_1863241547_1863241548_1976170214': -1, 'cluster_306484187_cluster_1200363791_1200363826_1200363834_1200363898_1200363927_1200363938_1200363947_1200364074_1200364103_1507566554_1507566556_255882157_306484190': 6, 'gneJ143': -1, 'gneJ207': 8, 'gneJ208': 20, 'gneJ210': -22, 'gneJ255': -25, 'gneJ257': -8}, {'1863241632': 5, '2330725114': 13, '243351999': 2, '243641585': 22, '243749571': 21, '30503246': 1, '30624898': 17, '32564122': 8, '89127267': 23, '89173763': 6, '89173808': 8, 'cluster_1427494838_273472399': 4, 'cluster_1757124350_1757124352': 9, 'cluster_1863241547_1863241548_1976170214': 6, 'cluster_306484187_cluster_1200363791_1200363826_1200363834_1200363898_1200363927_1200363938_1200363947_1200364074_1200364103_1507566554_1507566556_255882157_306484190': 2, 'gneJ143': 1, 'gneJ207': 1, 'gneJ208': 10, 'gneJ210': 7, 'gneJ255': 15, 'gneJ257': 6}, {'1863241632': 9, '2330725114': 23, '243351999': 2, '243641585': 49, '243749571': 58, '30503246': 2, '30624898': 28, '32564122': 11, '89127267': 27, '89173763': 9, '89173808': 14, 'cluster_1427494838_273472399': 13, 'cluster_1757124350_1757124352': 9, 'cluster_1863241547_1863241548_1976170214': 12, 'cluster_306484187_cluster_1200363791_1200363826_1200363834_1200363898_1200363927_1200363938_1200363947_1200364074_1200364103_1507566554_1507566556_255882157_306484190': 5, 'gneJ143': 1, 'gneJ207': 1, 'gneJ208': 14, 'gneJ210': 22, 'gneJ255': 33, 'gneJ257': 8}, 
59420.0, {'1863241632': -4, '2330725114': -20, '243351999': -1, '243641585': -47, '243749571': -47, '30503246': -2, '30624898': -23, '32564122': 27, '89127267': -10, '89173763': 1, '89173808': -13, 'cluster_1427494838_273472399': -13, 'cluster_1757124350_1757124352': -9, 'cluster_1863241547_1863241548_1976170214': -3, 'cluster_306484187_cluster_1200363791_1200363826_1200363834_1200363898_1200363927_1200363938_1200363947_1200364074_1200364103_1507566554_1507566556_255882157_306484190': 7, 'gneJ143': -3, 'gneJ207': 10, 'gneJ208': 20, 'gneJ210': -22, 'gneJ255': -25, 'gneJ257': -8}, {'1863241632': 5, '2330725114': 13, '243351999': 2, '243641585': 22, '243749571': 21, '30503246': 1, '30624898': 17, '32564122': 8, '89127267': 23, '89173763': 6, '89173808': 8, 'cluster_1427494838_273472399': 4, 'cluster_1757124350_1757124352': 9, 'cluster_1863241547_1863241548_1976170214': 6, 'cluster_306484187_cluster_1200363791_1200363826_1200363834_1200363898_1200363927_1200363938_1200363947_1200364074_1200364103_1507566554_1507566556_255882157_306484190': 2, 'gneJ143': 2, 'gneJ207': 1, 'gneJ208': 10, 'gneJ210': 7, 'gneJ255': 15, 'gneJ257': 6}, {'1863241632': 9, '2330725114': 20, '243351999': 2, '243641585': 49, '243749571': 58, '30503246': 2, '30624898': 28, '32564122': 12, '89127267': 27, '89173763': 9, '89173808': 14, 'cluster_1427494838_273472399': 13, 'cluster_1757124350_1757124352': 9, 'cluster_1863241547_1863241548_1976170214': 14, 'cluster_306484187_cluster_1200363791_1200363826_1200363834_1200363898_1200363927_1200363938_1200363947_1200364074_1200364103_1507566554_1507566556_255882157_306484190': 5, 'gneJ143': 3, 'gneJ207': 1, 'gneJ208': 14, 'gneJ210': 22, 'gneJ255': 33, 'gneJ257': 8}, 
59430.0, {'1863241632': -4, '2330725114': -18, '243351999': -1, '243641585': -47, '243749571': -47, '30503246': -2, '30624898': -23, '32564122': 26, '89127267': -10, '89173763': 1, '89173808': -13, 'cluster_1427494838_273472399': -13, 'cluster_1757124350_1757124352': -9, 'cluster_1863241547_1863241548_1976170214': -7, 'cluster_306484187_cluster_1200363791_1200363826_1200363834_1200363898_1200363927_1200363938_1200363947_1200364074_1200364103_1507566554_1507566556_255882157_306484190': 8, 'gneJ143': -3, 'gneJ207': 10, 'gneJ208': 17, 'gneJ210': -22, 'gneJ255': -25, 'gneJ257': -8}, {'1863241632': 5, '2330725114': 14, '243351999': 2, '243641585': 22, '243749571': 21, '30503246': 1, '30624898': 17, '32564122': 8, '89127267': 23, '89173763': 6, '89173808': 8, 'cluster_1427494838_273472399': 4, 'cluster_1757124350_1757124352': 9, 'cluster_1863241547_1863241548_1976170214': 6, 'cluster_306484187_cluster_1200363791_1200363826_1200363834_1200363898_1200363927_1200363938_1200363947_1200364074_1200364103_1507566554_1507566556_255882157_306484190': 2, 'gneJ143': 2, 'gneJ207': 1, 'gneJ208': 10, 'gneJ210': 7, 'gneJ255': 15, 'gneJ257': 6}, {'1863241632': 9, '2330725114': 18, '243351999': 2, '243641585': 49, '243749571': 58, '30503246': 2, '30624898': 28, '32564122': 13, '89127267': 27, '89173763': 9, '89173808': 14, 'cluster_1427494838_273472399': 13, 'cluster_1757124350_1757124352': 9, 'cluster_1863241547_1863241548_1976170214': 18, 'cluster_306484187_cluster_1200363791_1200363826_1200363834_1200363898_1200363927_1200363938_1200363947_1200364074_1200364103_1507566554_1507566556_255882157_306484190': 5, 'gneJ143': 3, 'gneJ207': 1, 'gneJ208': 14, 'gneJ210': 22, 'gneJ255': 33, 'gneJ257': 8}, 
59440.0, {'1863241632': -4, '2330725114': -19, '243351999': -1, '243641585': -47, '243749571': -47, '30503246': -2, '30624898': -23, '32564122': 26, '89127267': -10, '89173763': 1, '89173808': -13, 'cluster_1427494838_273472399': -13, 'cluster_1757124350_1757124352': -9, 'cluster_1863241547_1863241548_1976170214': -9, 'cluster_306484187_cluster_1200363791_1200363826_1200363834_1200363898_1200363927_1200363938_1200363947_1200364074_1200364103_1507566554_1507566556_255882157_306484190': 8, 'gneJ143': 0, 'gneJ207': 7, 'gneJ208': 17, 'gneJ210': -22, 'gneJ255': -25, 'gneJ257': -8}, {'1863241632': 5, '2330725114': 15, '243351999': 2, '243641585': 22, '243749571': 21, '30503246': 1, '30624898': 17, '32564122': 8, '89127267': 23, '89173763': 6, '89173808': 8, 'cluster_1427494838_273472399': 4, 'cluster_1757124350_1757124352': 9, 'cluster_1863241547_1863241548_1976170214': 6, 'cluster_306484187_cluster_1200363791_1200363826_1200363834_1200363898_1200363927_1200363938_1200363947_1200364074_1200364103_1507566554_1507566556_255882157_306484190': 2, 'gneJ143': 0, 'gneJ207': 1, 'gneJ208': 10, 'gneJ210': 7, 'gneJ255': 15, 'gneJ257': 6}, {'1863241632': 9, '2330725114': 19, '243351999': 2, '243641585': 49, '243749571': 58, '30503246': 2, '30624898': 28, '32564122': 13, '89127267': 27, '89173763': 9, '89173808': 14, 'cluster_1427494838_273472399': 13, 'cluster_1757124350_1757124352': 9, 'cluster_1863241547_1863241548_1976170214': 20, 'cluster_306484187_cluster_1200363791_1200363826_1200363834_1200363898_1200363927_1200363938_1200363947_1200364074_1200364103_1507566554_1507566556_255882157_306484190': 5, 'gneJ143': 0, 'gneJ207': 1, 'gneJ208': 14, 'gneJ210': 22, 'gneJ255': 33, 'gneJ257': 8}, 
59450.0, {'1863241632': -4, '2330725114': -19, '243351999': -1, '243641585': -47, '243749571': -47, '30503246': -2, '30624898': -23, '32564122': 26, '89127267': -10, '89173763': 1, '89173808': -13, 'cluster_1427494838_273472399': -13, 'cluster_1757124350_1757124352': -11, 'cluster_1863241547_1863241548_1976170214': -10, 'cluster_306484187_cluster_1200363791_1200363826_1200363834_1200363898_1200363927_1200363938_1200363947_1200364074_1200364103_1507566554_1507566556_255882157_306484190': 8, 'gneJ143': 2, 'gneJ207': 7, 'gneJ208': 17, 'gneJ210': -22, 'gneJ255': -25, 'gneJ257': -8}, {'1863241632': 5, '2330725114': 15, '243351999': 2, '243641585': 22, '243749571': 21, '30503246': 1, '30624898': 17, '32564122': 8, '89127267': 23, '89173763': 6, '89173808': 8, 'cluster_1427494838_273472399': 4, 'cluster_1757124350_1757124352': 9, 'cluster_1863241547_1863241548_1976170214': 6, 'cluster_306484187_cluster_1200363791_1200363826_1200363834_1200363898_1200363927_1200363938_1200363947_1200364074_1200364103_1507566554_1507566556_255882157_306484190': 2, 'gneJ143': 0, 'gneJ207': 1, 'gneJ208': 10, 'gneJ210': 7, 'gneJ255': 15, 'gneJ257': 6}, {'1863241632': 9, '2330725114': 19, '243351999': 2, '243641585': 49, '243749571': 58, '30503246': 2, '30624898': 28, '32564122': 13, '89127267': 27, '89173763': 9, '89173808': 14, 'cluster_1427494838_273472399': 13, 'cluster_1757124350_1757124352': 11, 'cluster_1863241547_1863241548_1976170214': 21, 'cluster_306484187_cluster_1200363791_1200363826_1200363834_1200363898_1200363927_1200363938_1200363947_1200364074_1200364103_1507566554_1507566556_255882157_306484190': 5, 'gneJ143': 0, 'gneJ207': 1, 'gneJ208': 14, 'gneJ210': 22, 'gneJ255': 33, 'gneJ257': 8}, 
59460.0, {'1863241632': -4, '2330725114': -21, '243351999': -1, '243641585': -47, '243749571': -47, '30503246': -2, '30624898': -23, '32564122': 26, '89127267': -10, '89173763': 1, '89173808': -13, 'cluster_1427494838_273472399': -13, 'cluster_1757124350_1757124352': -13, 'cluster_1863241547_1863241548_1976170214': -11, 'cluster_306484187_cluster_1200363791_1200363826_1200363834_1200363898_1200363927_1200363938_1200363947_1200364074_1200364103_1507566554_1507566556_255882157_306484190': 8, 'gneJ143': 4, 'gneJ207': 7, 'gneJ208': 17, 'gneJ210': -22, 'gneJ255': -25, 'gneJ257': -8}, {'1863241632': 5, '2330725114': 17, '243351999': 2, '243641585': 22, '243749571': 21, '30503246': 1, '30624898': 17, '32564122': 8, '89127267': 23, '89173763': 6, '89173808': 8, 'cluster_1427494838_273472399': 4, 'cluster_1757124350_1757124352': 9, 'cluster_1863241547_1863241548_1976170214': 6, 'cluster_306484187_cluster_1200363791_1200363826_1200363834_1200363898_1200363927_1200363938_1200363947_1200364074_1200364103_1507566554_1507566556_255882157_306484190': 2, 'gneJ143': 0, 'gneJ207': 1, 'gneJ208': 10, 'gneJ210': 7, 'gneJ255': 15, 'gneJ257': 6}, {'1863241632': 9, '2330725114': 21, '243351999': 2, '243641585': 49, '243749571': 58, '30503246': 2, '30624898': 28, '32564122': 13, '89127267': 27, '89173763': 9, '89173808': 14, 'cluster_1427494838_273472399': 13, 'cluster_1757124350_1757124352': 13, 'cluster_1863241547_1863241548_1976170214': 22, 'cluster_306484187_cluster_1200363791_1200363826_1200363834_1200363898_1200363927_1200363938_1200363947_1200364074_1200364103_1507566554_1507566556_255882157_306484190': 5, 'gneJ143': 0, 'gneJ207': 1, 'gneJ208': 14, 'gneJ210': 22, 'gneJ255': 33, 'gneJ257': 8}, 
59470.0, {'1863241632': -4, '2330725114': -21, '243351999': -3, '243641585': -47, '243749571': -47, '30503246': -2, '30624898': -23, '32564122': 26, '89127267': -10, '89173763': 1, '89173808': -13, 'cluster_1427494838_273472399': -13, 'cluster_1757124350_1757124352': -9, 'cluster_1863241547_1863241548_1976170214': -12, 'cluster_306484187_cluster_1200363791_1200363826_1200363834_1200363898_1200363927_1200363938_1200363947_1200364074_1200364103_1507566554_1507566556_255882157_306484190': 8, 'gneJ143': 0, 'gneJ207': 7, 'gneJ208': 17, 'gneJ210': -22, 'gneJ255': -25, 'gneJ257': -8}, {'1863241632': 5, '2330725114': 17, '243351999': 4, '243641585': 22, '243749571': 21, '30503246': 1, '30624898': 17, '32564122': 8, '89127267': 23, '89173763': 6, '89173808': 8, 'cluster_1427494838_273472399': 4, 'cluster_1757124350_1757124352': 9, 'cluster_1863241547_1863241548_1976170214': 6, 'cluster_306484187_cluster_1200363791_1200363826_1200363834_1200363898_1200363927_1200363938_1200363947_1200364074_1200364103_1507566554_1507566556_255882157_306484190': 2, 'gneJ143': 0, 'gneJ207': 1, 'gneJ208': 10, 'gneJ210': 7, 'gneJ255': 15, 'gneJ257': 6}, {'1863241632': 9, '2330725114': 21, '243351999': 4, '243641585': 49, '243749571': 58, '30503246': 2, '30624898': 28, '32564122': 13, '89127267': 27, '89173763': 9, '89173808': 14, 'cluster_1427494838_273472399': 13, 'cluster_1757124350_1757124352': 9, 'cluster_1863241547_1863241548_1976170214': 23, 'cluster_306484187_cluster_1200363791_1200363826_1200363834_1200363898_1200363927_1200363938_1200363947_1200364074_1200364103_1507566554_1507566556_255882157_306484190': 5, 'gneJ143': 0, 'gneJ207': 1, 'gneJ208': 14, 'gneJ210': 22, 'gneJ255': 33, 'gneJ257': 8}, 
59480.0, {'1863241632': -4, '2330725114': -21, '243351999': -3, '243641585': -47, '243749571': -47, '30503246': -2, '30624898': -23, '32564122': 26, '89127267': -10, '89173763': 1, '89173808': -13, 'cluster_1427494838_273472399': -13, 'cluster_1757124350_1757124352': -9, 'cluster_1863241547_1863241548_1976170214': -12, 'cluster_306484187_cluster_1200363791_1200363826_1200363834_1200363898_1200363927_1200363938_1200363947_1200364074_1200364103_1507566554_1507566556_255882157_306484190': 8, 'gneJ143': 0, 'gneJ207': 7, 'gneJ208': 17, 'gneJ210': -22, 'gneJ255': -25, 'gneJ257': -8}, {'1863241632': 5, '2330725114': 17, '243351999': 4, '243641585': 22, '243749571': 21, '30503246': 1, '30624898': 17, '32564122': 8, '89127267': 23, '89173763': 6, '89173808': 8, 'cluster_1427494838_273472399': 4, 'cluster_1757124350_1757124352': 9, 'cluster_1863241547_1863241548_1976170214': 6, 'cluster_306484187_cluster_1200363791_1200363826_1200363834_1200363898_1200363927_1200363938_1200363947_1200364074_1200364103_1507566554_1507566556_255882157_306484190': 2, 'gneJ143': 0, 'gneJ207': 1, 'gneJ208': 10, 'gneJ210': 7, 'gneJ255': 15, 'gneJ257': 6}, {'1863241632': 9, '2330725114': 21, '243351999': 4, '243641585': 49, '243749571': 58, '30503246': 2, '30624898': 28, '32564122': 13, '89127267': 27, '89173763': 9, '89173808': 14, 'cluster_1427494838_273472399': 13, 'cluster_1757124350_1757124352': 9, 'cluster_1863241547_1863241548_1976170214': 23, 'cluster_306484187_cluster_1200363791_1200363826_1200363834_1200363898_1200363927_1200363938_1200363947_1200364074_1200364103_1507566554_1507566556_255882157_306484190': 5, 'gneJ143': 0, 'gneJ207': 1, 'gneJ208': 14, 'gneJ210': 22, 'gneJ255': 33, 'gneJ257': 8}, 
59490.0, {'1863241632': -4, '2330725114': -21, '243351999': -3, '243641585': -47, '243749571': -47, '30503246': -2, '30624898': -23, '32564122': 26, '89127267': -10, '89173763': 1, '89173808': -13, 'cluster_1427494838_273472399': -13, 'cluster_1757124350_1757124352': -9, 'cluster_1863241547_1863241548_1976170214': -12, 'cluster_306484187_cluster_1200363791_1200363826_1200363834_1200363898_1200363927_1200363938_1200363947_1200364074_1200364103_1507566554_1507566556_255882157_306484190': 8, 'gneJ143': -1, 'gneJ207': 7, 'gneJ208': 17, 'gneJ210': -22, 'gneJ255': -25, 'gneJ257': -8}, {'1863241632': 5, '2330725114': 17, '243351999': 4, '243641585': 22, '243749571': 21, '30503246': 1, '30624898': 17, '32564122': 8, '89127267': 23, '89173763': 6, '89173808': 8, 'cluster_1427494838_273472399': 4, 'cluster_1757124350_1757124352': 9, 'cluster_1863241547_1863241548_1976170214': 6, 'cluster_306484187_cluster_1200363791_1200363826_1200363834_1200363898_1200363927_1200363938_1200363947_1200364074_1200364103_1507566554_1507566556_255882157_306484190': 2, 'gneJ143': 1, 'gneJ207': 1, 'gneJ208': 10, 'gneJ210': 7, 'gneJ255': 15, 'gneJ257': 6}, {'1863241632': 9, '2330725114': 21, '243351999': 4, '243641585': 49, '243749571': 58, '30503246': 2, '30624898': 28, '32564122': 13, '89127267': 27, '89173763': 9, '89173808': 14, 'cluster_1427494838_273472399': 13, 'cluster_1757124350_1757124352': 9, 'cluster_1863241547_1863241548_1976170214': 23, 'cluster_306484187_cluster_1200363791_1200363826_1200363834_1200363898_1200363927_1200363938_1200363947_1200364074_1200364103_1507566554_1507566556_255882157_306484190': 5, 'gneJ143': 1, 'gneJ207': 1, 'gneJ208': 14, 'gneJ210': 22, 'gneJ255': 33, 'gneJ257': 8}, 
59500.0, {'1863241632': -4, '2330725114': -21, '243351999': 0, '243641585': -47, '243749571': -47, '30503246': -2, '30624898': -23, '32564122': 26, '89127267': -10, '89173763': 0, '89173808': -13, 'cluster_1427494838_273472399': -13, 'cluster_1757124350_1757124352': -9, 'cluster_1863241547_1863241548_1976170214': -12, 'cluster_306484187_cluster_1200363791_1200363826_1200363834_1200363898_1200363927_1200363938_1200363947_1200364074_1200364103_1507566554_1507566556_255882157_306484190': 8, 'gneJ143': -1, 'gneJ207': 7, 'gneJ208': 17, 'gneJ210': -22, 'gneJ255': -25, 'gneJ257': -8}, {'1863241632': 5, '2330725114': 17, '243351999': 1, '243641585': 22, '243749571': 21, '30503246': 1, '30624898': 17, '32564122': 8, '89127267': 23, '89173763': 6, '89173808': 8, 'cluster_1427494838_273472399': 4, 'cluster_1757124350_1757124352': 9, 'cluster_1863241547_1863241548_1976170214': 6, 'cluster_306484187_cluster_1200363791_1200363826_1200363834_1200363898_1200363927_1200363938_1200363947_1200364074_1200364103_1507566554_1507566556_255882157_306484190': 2, 'gneJ143': 1, 'gneJ207': 1, 'gneJ208': 10, 'gneJ210': 7, 'gneJ255': 15, 'gneJ257': 6}, {'1863241632': 9, '2330725114': 21, '243351999': 1, '243641585': 49, '243749571': 58, '30503246': 2, '30624898': 28, '32564122': 13, '89127267': 27, '89173763': 10, '89173808': 14, 'cluster_1427494838_273472399': 13, 'cluster_1757124350_1757124352': 9, 'cluster_1863241547_1863241548_1976170214': 23, 'cluster_306484187_cluster_1200363791_1200363826_1200363834_1200363898_1200363927_1200363938_1200363947_1200364074_1200364103_1507566554_1507566556_255882157_306484190': 5, 'gneJ143': 1, 'gneJ207': 1, 'gneJ208': 14, 'gneJ210': 22, 'gneJ255': 33, 'gneJ257': 8}, 
59510.0, {'1863241632': -3, '2330725114': -21, '243351999': 0, '243641585': -47, '243749571': -47, '30503246': -2, '30624898': -23, '32564122': 22, '89127267': -10, '89173763': 1, '89173808': -6, 'cluster_1427494838_273472399': -13, 'cluster_1757124350_1757124352': -9, 'cluster_1863241547_1863241548_1976170214': -4, 'cluster_306484187_cluster_1200363791_1200363826_1200363834_1200363898_1200363927_1200363938_1200363947_1200364074_1200364103_1507566554_1507566556_255882157_306484190': 12, 'gneJ143': 0, 'gneJ207': 4, 'gneJ208': 17, 'gneJ210': -22, 'gneJ255': -25, 'gneJ257': -8}, {'1863241632': 5, '2330725114': 17, '243351999': 1, '243641585': 22, '243749571': 21, '30503246': 1, '30624898': 17, '32564122': 8, '89127267': 23, '89173763': 6, '89173808': 5, 'cluster_1427494838_273472399': 4, 'cluster_1757124350_1757124352': 9, 'cluster_1863241547_1863241548_1976170214': 4, 'cluster_306484187_cluster_1200363791_1200363826_1200363834_1200363898_1200363927_1200363938_1200363947_1200364074_1200364103_1507566554_1507566556_255882157_306484190': 1, 'gneJ143': 0, 'gneJ207': 1, 'gneJ208': 10, 'gneJ210': 7, 'gneJ255': 15, 'gneJ257': 6}, {'1863241632': 9, '2330725114': 21, '243351999': 1, '243641585': 49, '243749571': 58, '30503246': 2, '30624898': 28, '32564122': 13, '89127267': 27, '89173763': 9, '89173808': 7, 'cluster_1427494838_273472399': 13, 'cluster_1757124350_1757124352': 9, 'cluster_1863241547_1863241548_1976170214': 15, 'cluster_306484187_cluster_1200363791_1200363826_1200363834_1200363898_1200363927_1200363938_1200363947_1200364074_1200364103_1507566554_1507566556_255882157_306484190': 1, 'gneJ143': 0, 'gneJ207': 1, 'gneJ208': 14, 'gneJ210': 22, 'gneJ255': 33, 'gneJ257': 8}, 
59520.0, {'1863241632': -3, '2330725114': -24, '243351999': 0, '243641585': -47, '243749571': -47, '30503246': -2, '30624898': -23, '32564122': 23, '89127267': -10, '89173763': 1, '89173808': -8, 'cluster_1427494838_273472399': -13, 'cluster_1757124350_1757124352': -9, 'cluster_1863241547_1863241548_1976170214': 2, 'cluster_306484187_cluster_1200363791_1200363826_1200363834_1200363898_1200363927_1200363938_1200363947_1200364074_1200364103_1507566554_1507566556_255882157_306484190': 11, 'gneJ143': -3, 'gneJ207': 7, 'gneJ208': 17, 'gneJ210': -22, 'gneJ255': -25, 'gneJ257': -8}, {'1863241632': 5, '2330725114': 20, '243351999': 1, '243641585': 22, '243749571': 21, '30503246': 1, '30624898': 17, '32564122': 8, '89127267': 23, '89173763': 6, '89173808': 5, 'cluster_1427494838_273472399': 4, 'cluster_1757124350_1757124352': 9, 'cluster_1863241547_1863241548_1976170214': 4, 'cluster_306484187_cluster_1200363791_1200363826_1200363834_1200363898_1200363927_1200363938_1200363947_1200364074_1200364103_1507566554_1507566556_255882157_306484190': 1, 'gneJ143': 2, 'gneJ207': 1, 'gneJ208': 10, 'gneJ210': 7, 'gneJ255': 15, 'gneJ257': 6}, {'1863241632': 9, '2330725114': 24, '243351999': 1, '243641585': 49, '243749571': 58, '30503246': 2, '30624898': 28, '32564122': 13, '89127267': 27, '89173763': 9, '89173808': 9, 'cluster_1427494838_273472399': 13, 'cluster_1757124350_1757124352': 9, 'cluster_1863241547_1863241548_1976170214': 9, 'cluster_306484187_cluster_1200363791_1200363826_1200363834_1200363898_1200363927_1200363938_1200363947_1200364074_1200364103_1507566554_1507566556_255882157_306484190': 2, 'gneJ143': 3, 'gneJ207': 1, 'gneJ208': 14, 'gneJ210': 22, 'gneJ255': 33, 'gneJ257': 8}, 
59530.0, {'1863241632': -8, '2330725114': -19, '243351999': 0, '243641585': -47, '243749571': -47, '30503246': -2, '30624898': -23, '32564122': 22, '89127267': -10, '89173763': 0, '89173808': -12, 'cluster_1427494838_273472399': -13, 'cluster_1757124350_1757124352': -9, 'cluster_1863241547_1863241548_1976170214': 3, 'cluster_306484187_cluster_1200363791_1200363826_1200363834_1200363898_1200363927_1200363938_1200363947_1200364074_1200364103_1507566554_1507566556_255882157_306484190': 12, 'gneJ143': -3, 'gneJ207': 10, 'gneJ208': 17, 'gneJ210': -22, 'gneJ255': -25, 'gneJ257': -8}, {'1863241632': 5, '2330725114': 18, '243351999': 1, '243641585': 22, '243749571': 21, '30503246': 1, '30624898': 17, '32564122': 8, '89127267': 23, '89173763': 6, '89173808': 8, 'cluster_1427494838_273472399': 4, 'cluster_1757124350_1757124352': 9, 'cluster_1863241547_1863241548_1976170214': 4, 'cluster_306484187_cluster_1200363791_1200363826_1200363834_1200363898_1200363927_1200363938_1200363947_1200364074_1200364103_1507566554_1507566556_255882157_306484190': 1, 'gneJ143': 2, 'gneJ207': 1, 'gneJ208': 10, 'gneJ210': 7, 'gneJ255': 15, 'gneJ257': 6}, {'1863241632': 9, '2330725114': 19, '243351999': 1, '243641585': 49, '243749571': 58, '30503246': 2, '30624898': 28, '32564122': 13, '89127267': 27, '89173763': 9, '89173808': 13, 'cluster_1427494838_273472399': 13, 'cluster_1757124350_1757124352': 9, 'cluster_1863241547_1863241548_1976170214': 8, 'cluster_306484187_cluster_1200363791_1200363826_1200363834_1200363898_1200363927_1200363938_1200363947_1200364074_1200364103_1507566554_1507566556_255882157_306484190': 1, 'gneJ143': 3, 'gneJ207': 1, 'gneJ208': 14, 'gneJ210': 22, 'gneJ255': 33, 'gneJ257': 8}, 
59540.0, {'1863241632': -7, '2330725114': -14, '243351999': 0, '243641585': -47, '243749571': -47, '30503246': -2, '30624898': -23, '32564122': 22, '89127267': -10, '89173763': 1, '89173808': -12, 'cluster_1427494838_273472399': -13, 'cluster_1757124350_1757124352': -8, 'cluster_1863241547_1863241548_1976170214': 4, 'cluster_306484187_cluster_1200363791_1200363826_1200363834_1200363898_1200363927_1200363938_1200363947_1200364074_1200364103_1507566554_1507566556_255882157_306484190': 12, 'gneJ143': -4, 'gneJ207': 10, 'gneJ208': 17, 'gneJ210': -22, 'gneJ255': -25, 'gneJ257': -8}, {'1863241632': 5, '2330725114': 13, '243351999': 1, '243641585': 22, '243749571': 21, '30503246': 1, '30624898': 17, '32564122': 8, '89127267': 23, '89173763': 6, '89173808': 8, 'cluster_1427494838_273472399': 4, 'cluster_1757124350_1757124352': 9, 'cluster_1863241547_1863241548_1976170214': 3, 'cluster_306484187_cluster_1200363791_1200363826_1200363834_1200363898_1200363927_1200363938_1200363947_1200364074_1200364103_1507566554_1507566556_255882157_306484190': 1, 'gneJ143': 2, 'gneJ207': 1, 'gneJ208': 10, 'gneJ210': 7, 'gneJ255': 15, 'gneJ257': 6}, {'1863241632': 9, '2330725114': 14, '243351999': 1, '243641585': 49, '243749571': 58, '30503246': 2, '30624898': 28, '32564122': 13, '89127267': 27, '89173763': 9, '89173808': 13, 'cluster_1427494838_273472399': 13, 'cluster_1757124350_1757124352': 9, 'cluster_1863241547_1863241548_1976170214': 7, 'cluster_306484187_cluster_1200363791_1200363826_1200363834_1200363898_1200363927_1200363938_1200363947_1200364074_1200364103_1507566554_1507566556_255882157_306484190': 1, 'gneJ143': 4, 'gneJ207': 1, 'gneJ208': 14, 'gneJ210': 22, 'gneJ255': 33, 'gneJ257': 8}, 
59550.0, {'1863241632': -9, '2330725114': -8, '243351999': 0, '243641585': -47, '243749571': -47, '30503246': -2, '30624898': -23, '32564122': 22, '89127267': -10, '89173763': 1, '89173808': -12, 'cluster_1427494838_273472399': -13, 'cluster_1757124350_1757124352': -9, 'cluster_1863241547_1863241548_1976170214': 2, 'cluster_306484187_cluster_1200363791_1200363826_1200363834_1200363898_1200363927_1200363938_1200363947_1200364074_1200364103_1507566554_1507566556_255882157_306484190': 12, 'gneJ143': -1, 'gneJ207': 7, 'gneJ208': 17, 'gneJ210': -22, 'gneJ255': -25, 'gneJ257': -8}, {'1863241632': 5, '2330725114': 8, '243351999': 1, '243641585': 22, '243749571': 21, '30503246': 1, '30624898': 17, '32564122': 8, '89127267': 23, '89173763': 6, '89173808': 8, 'cluster_1427494838_273472399': 4, 'cluster_1757124350_1757124352': 9, 'cluster_1863241547_1863241548_1976170214': 3, 'cluster_306484187_cluster_1200363791_1200363826_1200363834_1200363898_1200363927_1200363938_1200363947_1200364074_1200364103_1507566554_1507566556_255882157_306484190': 1, 'gneJ143': 1, 'gneJ207': 1, 'gneJ208': 10, 'gneJ210': 7, 'gneJ255': 15, 'gneJ257': 6}, {'1863241632': 9, '2330725114': 8, '243351999': 1, '243641585': 49, '243749571': 58, '30503246': 2, '30624898': 28, '32564122': 13, '89127267': 27, '89173763': 9, '89173808': 13, 'cluster_1427494838_273472399': 13, 'cluster_1757124350_1757124352': 9, 'cluster_1863241547_1863241548_1976170214': 9, 'cluster_306484187_cluster_1200363791_1200363826_1200363834_1200363898_1200363927_1200363938_1200363947_1200364074_1200364103_1507566554_1507566556_255882157_306484190': 1, 'gneJ143': 1, 'gneJ207': 1, 'gneJ208': 14, 'gneJ210': 22, 'gneJ255': 33, 'gneJ257': 8}, 
59560.0, {'1863241632': -7, '2330725114': -2, '243351999': 0, '243641585': -47, '243749571': -47, '30503246': -2, '30624898': -23, '32564122': 22, '89127267': -10, '89173763': 1, '89173808': -12, 'cluster_1427494838_273472399': -13, 'cluster_1757124350_1757124352': -9, 'cluster_1863241547_1863241548_1976170214': 4, 'cluster_306484187_cluster_1200363791_1200363826_1200363834_1200363898_1200363927_1200363938_1200363947_1200364074_1200364103_1507566554_1507566556_255882157_306484190': 12, 'gneJ143': -1, 'gneJ207': 8, 'gneJ208': 17, 'gneJ210': -22, 'gneJ255': -25, 'gneJ257': -8}, {'1863241632': 5, '2330725114': 2, '243351999': 1, '243641585': 22, '243749571': 21, '30503246': 1, '30624898': 17, '32564122': 8, '89127267': 23, '89173763': 6, '89173808': 8, 'cluster_1427494838_273472399': 4, 'cluster_1757124350_1757124352': 9, 'cluster_1863241547_1863241548_1976170214': 2, 'cluster_306484187_cluster_1200363791_1200363826_1200363834_1200363898_1200363927_1200363938_1200363947_1200364074_1200364103_1507566554_1507566556_255882157_306484190': 1, 'gneJ143': 1, 'gneJ207': 1, 'gneJ208': 10, 'gneJ210': 7, 'gneJ255': 15, 'gneJ257': 6}, {'1863241632': 9, '2330725114': 2, '243351999': 1, '243641585': 49, '243749571': 58, '30503246': 2, '30624898': 28, '32564122': 13, '89127267': 27, '89173763': 9, '89173808': 13, 'cluster_1427494838_273472399': 13, 'cluster_1757124350_1757124352': 9, 'cluster_1863241547_1863241548_1976170214': 7, 'cluster_306484187_cluster_1200363791_1200363826_1200363834_1200363898_1200363927_1200363938_1200363947_1200364074_1200364103_1507566554_1507566556_255882157_306484190': 1, 'gneJ143': 1, 'gneJ207': 1, 'gneJ208': 14, 'gneJ210': 22, 'gneJ255': 33, 'gneJ257': 8}, 
59570.0, {'1863241632': -9, '2330725114': 0, '243351999': 0, '243641585': -47, '243749571': -47, '30503246': -2, '30624898': -23, '32564122': 22, '89127267': -10, '89173763': 1, '89173808': -12, 'cluster_1427494838_273472399': -13, 'cluster_1757124350_1757124352': -9, 'cluster_1863241547_1863241548_1976170214': 5, 'cluster_306484187_cluster_1200363791_1200363826_1200363834_1200363898_1200363927_1200363938_1200363947_1200364074_1200364103_1507566554_1507566556_255882157_306484190': 13, 'gneJ143': 0, 'gneJ207': 7, 'gneJ208': 17, 'gneJ210': -22, 'gneJ255': -25, 'gneJ257': -8}, {'1863241632': 5, '2330725114': 0, '243351999': 1, '243641585': 22, '243749571': 21, '30503246': 1, '30624898': 17, '32564122': 8, '89127267': 23, '89173763': 6, '89173808': 8, 'cluster_1427494838_273472399': 4, 'cluster_1757124350_1757124352': 9, 'cluster_1863241547_1863241548_1976170214': 2, 'cluster_306484187_cluster_1200363791_1200363826_1200363834_1200363898_1200363927_1200363938_1200363947_1200364074_1200364103_1507566554_1507566556_255882157_306484190': 1, 'gneJ143': 0, 'gneJ207': 1, 'gneJ208': 10, 'gneJ210': 7, 'gneJ255': 15, 'gneJ257': 6}, {'1863241632': 9, '2330725114': 0, '243351999': 1, '243641585': 49, '243749571': 58, '30503246': 2, '30624898': 28, '32564122': 13, '89127267': 27, '89173763': 9, '89173808': 13, 'cluster_1427494838_273472399': 13, 'cluster_1757124350_1757124352': 9, 'cluster_1863241547_1863241548_1976170214': 6, 'cluster_306484187_cluster_1200363791_1200363826_1200363834_1200363898_1200363927_1200363938_1200363947_1200364074_1200364103_1507566554_1507566556_255882157_306484190': 1, 'gneJ143': 0, 'gneJ207': 1, 'gneJ208': 14, 'gneJ210': 22, 'gneJ255': 33, 'gneJ257': 8}, 
59580.0, {'1863241632': -7, '2330725114': 0, '243351999': 0, '243641585': -47, '243749571': -47, '30503246': -2, '30624898': -23, '32564122': 22, '89127267': -10, '89173763': 1, '89173808': -12, 'cluster_1427494838_273472399': -13, 'cluster_1757124350_1757124352': -9, 'cluster_1863241547_1863241548_1976170214': 5, 'cluster_306484187_cluster_1200363791_1200363826_1200363834_1200363898_1200363927_1200363938_1200363947_1200364074_1200364103_1507566554_1507566556_255882157_306484190': 13, 'gneJ143': 0, 'gneJ207': 7, 'gneJ208': 17, 'gneJ210': -22, 'gneJ255': -25, 'gneJ257': -8}, {'1863241632': 5, '2330725114': 0, '243351999': 1, '243641585': 22, '243749571': 21, '30503246': 1, '30624898': 17, '32564122': 8, '89127267': 23, '89173763': 6, '89173808': 8, 'cluster_1427494838_273472399': 4, 'cluster_1757124350_1757124352': 9, 'cluster_1863241547_1863241548_1976170214': 2, 'cluster_306484187_cluster_1200363791_1200363826_1200363834_1200363898_1200363927_1200363938_1200363947_1200364074_1200364103_1507566554_1507566556_255882157_306484190': 1, 'gneJ143': 0, 'gneJ207': 1, 'gneJ208': 10, 'gneJ210': 7, 'gneJ255': 15, 'gneJ257': 6}, {'1863241632': 9, '2330725114': 0, '243351999': 1, '243641585': 49, '243749571': 58, '30503246': 2, '30624898': 28, '32564122': 13, '89127267': 27, '89173763': 9, '89173808': 13, 'cluster_1427494838_273472399': 13, 'cluster_1757124350_1757124352': 9, 'cluster_1863241547_1863241548_1976170214': 6, 'cluster_306484187_cluster_1200363791_1200363826_1200363834_1200363898_1200363927_1200363938_1200363947_1200364074_1200364103_1507566554_1507566556_255882157_306484190': 1, 'gneJ143': 0, 'gneJ207': 1, 'gneJ208': 14, 'gneJ210': 22, 'gneJ255': 33, 'gneJ257': 8}, 
59590.0, {'1863241632': -9, '2330725114': 0, '243351999': 1, '243641585': -47, '243749571': -47, '30503246': -2, '30624898': -23, '32564122': 22, '89127267': -10, '89173763': -1, '89173808': -12, 'cluster_1427494838_273472399': -13, 'cluster_1757124350_1757124352': -9, 'cluster_1863241547_1863241548_1976170214': 4, 'cluster_306484187_cluster_1200363791_1200363826_1200363834_1200363898_1200363927_1200363938_1200363947_1200364074_1200364103_1507566554_1507566556_255882157_306484190': 13, 'gneJ143': 0, 'gneJ207': 7, 'gneJ208': 16, 'gneJ210': -22, 'gneJ255': -25, 'gneJ257': -8}, {'1863241632': 5, '2330725114': 0, '243351999': 1, '243641585': 22, '243749571': 21, '30503246': 1, '30624898': 17, '32564122': 8, '89127267': 23, '89173763': 6, '89173808': 8, 'cluster_1427494838_273472399': 4, 'cluster_1757124350_1757124352': 9, 'cluster_1863241547_1863241548_1976170214': 3, 'cluster_306484187_cluster_1200363791_1200363826_1200363834_1200363898_1200363927_1200363938_1200363947_1200364074_1200364103_1507566554_1507566556_255882157_306484190': 1, 'gneJ143': 0, 'gneJ207': 1, 'gneJ208': 10, 'gneJ210': 7, 'gneJ255': 15, 'gneJ257': 6}, {'1863241632': 9, '2330725114': 0, '243351999': 1, '243641585': 49, '243749571': 58, '30503246': 2, '30624898': 28, '32564122': 13, '89127267': 27, '89173763': 11, '89173808': 13, 'cluster_1427494838_273472399': 13, 'cluster_1757124350_1757124352': 9, 'cluster_1863241547_1863241548_1976170214': 7, 'cluster_306484187_cluster_1200363791_1200363826_1200363834_1200363898_1200363927_1200363938_1200363947_1200364074_1200364103_1507566554_1507566556_255882157_306484190': 1, 'gneJ143': 0, 'gneJ207': 1, 'gneJ208': 15, 'gneJ210': 22, 'gneJ255': 33, 'gneJ257': 8}, 
59600.0, {'1863241632': -7, '2330725114': 0, '243351999': 1, '243641585': -47, '243749571': -47, '30503246': -2, '30624898': -23, '32564122': 21, '89127267': -10, '89173763': -1, '89173808': -12, 'cluster_1427494838_273472399': -13, 'cluster_1757124350_1757124352': -9, 'cluster_1863241547_1863241548_1976170214': 2, 'cluster_306484187_cluster_1200363791_1200363826_1200363834_1200363898_1200363927_1200363938_1200363947_1200364074_1200364103_1507566554_1507566556_255882157_306484190': 13, 'gneJ143': 0, 'gneJ207': 7, 'gneJ208': 16, 'gneJ210': -22, 'gneJ255': -24, 'gneJ257': -8}, {'1863241632': 5, '2330725114': 0, '243351999': 1, '243641585': 22, '243749571': 21, '30503246': 1, '30624898': 17, '32564122': 8, '89127267': 23, '89173763': 6, '89173808': 8, 'cluster_1427494838_273472399': 4, 'cluster_1757124350_1757124352': 9, 'cluster_1863241547_1863241548_1976170214': 4, 'cluster_306484187_cluster_1200363791_1200363826_1200363834_1200363898_1200363927_1200363938_1200363947_1200364074_1200364103_1507566554_1507566556_255882157_306484190': 1, 'gneJ143': 0, 'gneJ207': 1, 'gneJ208': 10, 'gneJ210': 7, 'gneJ255': 15, 'gneJ257': 6}, {'1863241632': 9, '2330725114': 0, '243351999': 1, '243641585': 49, '243749571': 58, '30503246': 2, '30624898': 28, '32564122': 14, '89127267': 27, '89173763': 11, '89173808': 13, 'cluster_1427494838_273472399': 13, 'cluster_1757124350_1757124352': 9, 'cluster_1863241547_1863241548_1976170214': 9, 'cluster_306484187_cluster_1200363791_1200363826_1200363834_1200363898_1200363927_1200363938_1200363947_1200364074_1200364103_1507566554_1507566556_255882157_306484190': 1, 'gneJ143': 0, 'gneJ207': 1, 'gneJ208': 15, 'gneJ210': 22, 'gneJ255': 33, 'gneJ257': 8}, 
59610.0, {'1863241632': -10, '2330725114': 1, '243351999': 1, '243641585': -47, '243749571': -47, '30503246': -2, '30624898': -23, '32564122': 21, '89127267': -10, '89173763': -1, '89173808': -12, 'cluster_1427494838_273472399': -13, 'cluster_1757124350_1757124352': -9, 'cluster_1863241547_1863241548_1976170214': 2, 'cluster_306484187_cluster_1200363791_1200363826_1200363834_1200363898_1200363927_1200363938_1200363947_1200364074_1200364103_1507566554_1507566556_255882157_306484190': 13, 'gneJ143': 0, 'gneJ207': 7, 'gneJ208': 16, 'gneJ210': -22, 'gneJ255': -24, 'gneJ257': -8}, {'1863241632': 5, '2330725114': 0, '243351999': 1, '243641585': 22, '243749571': 21, '30503246': 1, '30624898': 17, '32564122': 8, '89127267': 23, '89173763': 6, '89173808': 8, 'cluster_1427494838_273472399': 4, 'cluster_1757124350_1757124352': 9, 'cluster_1863241547_1863241548_1976170214': 6, 'cluster_306484187_cluster_1200363791_1200363826_1200363834_1200363898_1200363927_1200363938_1200363947_1200364074_1200364103_1507566554_1507566556_255882157_306484190': 1, 'gneJ143': 0, 'gneJ207': 1, 'gneJ208': 10, 'gneJ210': 7, 'gneJ255': 15, 'gneJ257': 6}, {'1863241632': 10, '2330725114': 0, '243351999': 1, '243641585': 49, '243749571': 58, '30503246': 2, '30624898': 28, '32564122': 14, '89127267': 27, '89173763': 11, '89173808': 13, 'cluster_1427494838_273472399': 13, 'cluster_1757124350_1757124352': 9, 'cluster_1863241547_1863241548_1976170214': 9, 'cluster_306484187_cluster_1200363791_1200363826_1200363834_1200363898_1200363927_1200363938_1200363947_1200364074_1200364103_1507566554_1507566556_255882157_306484190': 1, 'gneJ143': 0, 'gneJ207': 1, 'gneJ208': 15, 'gneJ210': 22, 'gneJ255': 33, 'gneJ257': 8}, 
59620.0, {'1863241632': -4, '2330725114': 0, '243351999': -1, '243641585': -47, '243749571': -47, '30503246': -2, '30624898': -23, '32564122': 20, '89127267': -10, '89173763': 1, '89173808': -12, 'cluster_1427494838_273472399': -13, 'cluster_1757124350_1757124352': -9, 'cluster_1863241547_1863241548_1976170214': -1, 'cluster_306484187_cluster_1200363791_1200363826_1200363834_1200363898_1200363927_1200363938_1200363947_1200364074_1200364103_1507566554_1507566556_255882157_306484190': 14, 'gneJ143': -1, 'gneJ207': 7, 'gneJ208': 16, 'gneJ210': -22, 'gneJ255': -23, 'gneJ257': -8}, {'1863241632': 5, '2330725114': 0, '243351999': 2, '243641585': 22, '243749571': 21, '30503246': 1, '30624898': 17, '32564122': 8, '89127267': 23, '89173763': 6, '89173808': 8, 'cluster_1427494838_273472399': 4, 'cluster_1757124350_1757124352': 9, 'cluster_1863241547_1863241548_1976170214': 4, 'cluster_306484187_cluster_1200363791_1200363826_1200363834_1200363898_1200363927_1200363938_1200363947_1200364074_1200364103_1507566554_1507566556_255882157_306484190': 1, 'gneJ143': 1, 'gneJ207': 1, 'gneJ208': 10, 'gneJ210': 7, 'gneJ255': 15, 'gneJ257': 6}, {'1863241632': 6, '2330725114': 0, '243351999': 2, '243641585': 49, '243749571': 58, '30503246': 2, '30624898': 28, '32564122': 15, '89127267': 27, '89173763': 9, '89173808': 13, 'cluster_1427494838_273472399': 13, 'cluster_1757124350_1757124352': 9, 'cluster_1863241547_1863241548_1976170214': 9, 'cluster_306484187_cluster_1200363791_1200363826_1200363834_1200363898_1200363927_1200363938_1200363947_1200364074_1200364103_1507566554_1507566556_255882157_306484190': 1, 'gneJ143': 1, 'gneJ207': 1, 'gneJ208': 15, 'gneJ210': 22, 'gneJ255': 33, 'gneJ257': 8}, 
59630.0, {'1863241632': -6, '2330725114': 0, '243351999': -1, '243641585': -47, '243749571': -47, '30503246': -2, '30624898': -23, '32564122': 20, '89127267': -10, '89173763': -2, '89173808': -12, 'cluster_1427494838_273472399': -13, 'cluster_1757124350_1757124352': -9, 'cluster_1863241547_1863241548_1976170214': 1, 'cluster_306484187_cluster_1200363791_1200363826_1200363834_1200363898_1200363927_1200363938_1200363947_1200364074_1200364103_1507566554_1507566556_255882157_306484190': 14, 'gneJ143': -1, 'gneJ207': 7, 'gneJ208': 16, 'gneJ210': -22, 'gneJ255': -23, 'gneJ257': -8}, {'1863241632': 5, '2330725114': 0, '243351999': 2, '243641585': 22, '243749571': 21, '30503246': 1, '30624898': 17, '32564122': 8, '89127267': 23, '89173763': 6, '89173808': 8, 'cluster_1427494838_273472399': 4, 'cluster_1757124350_1757124352': 9, 'cluster_1863241547_1863241548_1976170214': 4, 'cluster_306484187_cluster_1200363791_1200363826_1200363834_1200363898_1200363927_1200363938_1200363947_1200364074_1200364103_1507566554_1507566556_255882157_306484190': 1, 'gneJ143': 1, 'gneJ207': 1, 'gneJ208': 10, 'gneJ210': 7, 'gneJ255': 15, 'gneJ257': 6}, {'1863241632': 6, '2330725114': 0, '243351999': 2, '243641585': 49, '243749571': 58, '30503246': 2, '30624898': 28, '32564122': 15, '89127267': 27, '89173763': 12, '89173808': 13, 'cluster_1427494838_273472399': 13, 'cluster_1757124350_1757124352': 9, 'cluster_1863241547_1863241548_1976170214': 7, 'cluster_306484187_cluster_1200363791_1200363826_1200363834_1200363898_1200363927_1200363938_1200363947_1200364074_1200364103_1507566554_1507566556_255882157_306484190': 1, 'gneJ143': 1, 'gneJ207': 1, 'gneJ208': 15, 'gneJ210': 22, 'gneJ255': 33, 'gneJ257': 8}, 
59640.0, {'1863241632': -4, '2330725114': 0, '243351999': 0, '243641585': -47, '243749571': -47, '30503246': -2, '30624898': -23, '32564122': 18, '89127267': -10, '89173763': -4, '89173808': -12, 'cluster_1427494838_273472399': -13, 'cluster_1757124350_1757124352': -9, 'cluster_1863241547_1863241548_1976170214': 0, 'cluster_306484187_cluster_1200363791_1200363826_1200363834_1200363898_1200363927_1200363938_1200363947_1200364074_1200364103_1507566554_1507566556_255882157_306484190': 14, 'gneJ143': -4, 'gneJ207': 7, 'gneJ208': 16, 'gneJ210': -22, 'gneJ255': -21, 'gneJ257': -8}, {'1863241632': 5, '2330725114': 0, '243351999': 2, '243641585': 22, '243749571': 21, '30503246': 1, '30624898': 17, '32564122': 8, '89127267': 23, '89173763': 6, '89173808': 8, 'cluster_1427494838_273472399': 4, 'cluster_1757124350_1757124352': 9, 'cluster_1863241547_1863241548_1976170214': 3, 'cluster_306484187_cluster_1200363791_1200363826_1200363834_1200363898_1200363927_1200363938_1200363947_1200364074_1200364103_1507566554_1507566556_255882157_306484190': 1, 'gneJ143': 4, 'gneJ207': 1, 'gneJ208': 10, 'gneJ210': 7, 'gneJ255': 15, 'gneJ257': 6}, {'1863241632': 6, '2330725114': 0, '243351999': 2, '243641585': 49, '243749571': 58, '30503246': 2, '30624898': 28, '32564122': 17, '89127267': 27, '89173763': 14, '89173808': 13, 'cluster_1427494838_273472399': 13, 'cluster_1757124350_1757124352': 9, 'cluster_1863241547_1863241548_1976170214': 8, 'cluster_306484187_cluster_1200363791_1200363826_1200363834_1200363898_1200363927_1200363938_1200363947_1200364074_1200364103_1507566554_1507566556_255882157_306484190': 1, 'gneJ143': 4, 'gneJ207': 1, 'gneJ208': 15, 'gneJ210': 22, 'gneJ255': 33, 'gneJ257': 8}, 
59650.0, {'1863241632': -6, '2330725114': 0, '243351999': 0, '243641585': -47, '243749571': -47, '30503246': -2, '30624898': -23, '32564122': 23, '89127267': -10, '89173763': -6, '89173808': -12, 'cluster_1427494838_273472399': -13, 'cluster_1757124350_1757124352': -9, 'cluster_1863241547_1863241548_1976170214': 4, 'cluster_306484187_cluster_1200363791_1200363826_1200363834_1200363898_1200363927_1200363938_1200363947_1200364074_1200364103_1507566554_1507566556_255882157_306484190': 13, 'gneJ143': -4, 'gneJ207': 7, 'gneJ208': 15, 'gneJ210': -22, 'gneJ255': -25, 'gneJ257': -8}, {'1863241632': 5, '2330725114': 0, '243351999': 2, '243641585': 22, '243749571': 21, '30503246': 1, '30624898': 17, '32564122': 7, '89127267': 23, '89173763': 6, '89173808': 8, 'cluster_1427494838_273472399': 4, 'cluster_1757124350_1757124352': 9, 'cluster_1863241547_1863241548_1976170214': 3, 'cluster_306484187_cluster_1200363791_1200363826_1200363834_1200363898_1200363927_1200363938_1200363947_1200364074_1200364103_1507566554_1507566556_255882157_306484190': 1, 'gneJ143': 4, 'gneJ207': 1, 'gneJ208': 10, 'gneJ210': 7, 'gneJ255': 15, 'gneJ257': 6}, {'1863241632': 6, '2330725114': 0, '243351999': 2, '243641585': 49, '243749571': 58, '30503246': 2, '30624898': 28, '32564122': 12, '89127267': 27, '89173763': 14, '89173808': 13, 'cluster_1427494838_273472399': 13, 'cluster_1757124350_1757124352': 9, 'cluster_1863241547_1863241548_1976170214': 4, 'cluster_306484187_cluster_1200363791_1200363826_1200363834_1200363898_1200363927_1200363938_1200363947_1200364074_1200364103_1507566554_1507566556_255882157_306484190': 1, 'gneJ143': 4, 'gneJ207': 1, 'gneJ208': 16, 'gneJ210': 22, 'gneJ255': 33, 'gneJ257': 8}, 
59660.0, {'1863241632': -5, '2330725114': 0, '243351999': 0, '243641585': -47, '243749571': -47, '30503246': -2, '30624898': -23, '32564122': 24, '89127267': -10, '89173763': -5, '89173808': -12, 'cluster_1427494838_273472399': -13, 'cluster_1757124350_1757124352': -9, 'cluster_1863241547_1863241548_1976170214': 0, 'cluster_306484187_cluster_1200363791_1200363826_1200363834_1200363898_1200363927_1200363938_1200363947_1200364074_1200364103_1507566554_1507566556_255882157_306484190': 12, 'gneJ143': -4, 'gneJ207': 7, 'gneJ208': 13, 'gneJ210': -22, 'gneJ255': -25, 'gneJ257': -8}, {'1863241632': 5, '2330725114': 0, '243351999': 2, '243641585': 22, '243749571': 21, '30503246': 1, '30624898': 17, '32564122': 7, '89127267': 23, '89173763': 6, '89173808': 8, 'cluster_1427494838_273472399': 4, 'cluster_1757124350_1757124352': 9, 'cluster_1863241547_1863241548_1976170214': 5, 'cluster_306484187_cluster_1200363791_1200363826_1200363834_1200363898_1200363927_1200363938_1200363947_1200364074_1200364103_1507566554_1507566556_255882157_306484190': 1, 'gneJ143': 4, 'gneJ207': 1, 'gneJ208': 10, 'gneJ210': 7, 'gneJ255': 15, 'gneJ257': 6}, {'1863241632': 6, '2330725114': 0, '243351999': 2, '243641585': 49, '243749571': 58, '30503246': 2, '30624898': 28, '32564122': 11, '89127267': 27, '89173763': 14, '89173808': 13, 'cluster_1427494838_273472399': 13, 'cluster_1757124350_1757124352': 9, 'cluster_1863241547_1863241548_1976170214': 8, 'cluster_306484187_cluster_1200363791_1200363826_1200363834_1200363898_1200363927_1200363938_1200363947_1200364074_1200364103_1507566554_1507566556_255882157_306484190': 1, 'gneJ143': 4, 'gneJ207': 1, 'gneJ208': 18, 'gneJ210': 22, 'gneJ255': 33, 'gneJ257': 8}, 
59670.0, {'1863241632': -6, '2330725114': 0, '243351999': 0, '243641585': -47, '243749571': -47, '30503246': -2, '30624898': -23, '32564122': 29, '89127267': -10, '89173763': -7, '89173808': -12, 'cluster_1427494838_273472399': -13, 'cluster_1757124350_1757124352': -9, 'cluster_1863241547_1863241548_1976170214': 0, 'cluster_306484187_cluster_1200363791_1200363826_1200363834_1200363898_1200363927_1200363938_1200363947_1200364074_1200364103_1507566554_1507566556_255882157_306484190': 7, 'gneJ143': -3, 'gneJ207': 8, 'gneJ208': 13, 'gneJ210': -22, 'gneJ255': -25, 'gneJ257': -8}, {'1863241632': 5, '2330725114': 0, '243351999': 2, '243641585': 22, '243749571': 21, '30503246': 1, '30624898': 17, '32564122': 4, '89127267': 23, '89173763': 7, '89173808': 8, 'cluster_1427494838_273472399': 4, 'cluster_1757124350_1757124352': 9, 'cluster_1863241547_1863241548_1976170214': 5, 'cluster_306484187_cluster_1200363791_1200363826_1200363834_1200363898_1200363927_1200363938_1200363947_1200364074_1200364103_1507566554_1507566556_255882157_306484190': 1, 'gneJ143': 2, 'gneJ207': 1, 'gneJ208': 10, 'gneJ210': 7, 'gneJ255': 15, 'gneJ257': 6}, {'1863241632': 6, '2330725114': 0, '243351999': 2, '243641585': 49, '243749571': 58, '30503246': 2, '30624898': 28, '32564122': 6, '89127267': 27, '89173763': 17, '89173808': 13, 'cluster_1427494838_273472399': 13, 'cluster_1757124350_1757124352': 9, 'cluster_1863241547_1863241548_1976170214': 8, 'cluster_306484187_cluster_1200363791_1200363826_1200363834_1200363898_1200363927_1200363938_1200363947_1200364074_1200364103_1507566554_1507566556_255882157_306484190': 1, 'gneJ143': 3, 'gneJ207': 1, 'gneJ208': 18, 'gneJ210': 22, 'gneJ255': 33, 'gneJ257': 8}, 
59680.0, {'1863241632': -6, '2330725114': 0, '243351999': 0, '243641585': -47, '243749571': -47, '30503246': -2, '30624898': -23, '32564122': 36, '89127267': -10, '89173763': -8, '89173808': -12, 'cluster_1427494838_273472399': -13, 'cluster_1757124350_1757124352': -9, 'cluster_1863241547_1863241548_1976170214': 0, 'cluster_306484187_cluster_1200363791_1200363826_1200363834_1200363898_1200363927_1200363938_1200363947_1200364074_1200364103_1507566554_1507566556_255882157_306484190': 0, 'gneJ143': -3, 'gneJ207': 10, 'gneJ208': 13, 'gneJ210': -22, 'gneJ255': -25, 'gneJ257': -8}, {'1863241632': 5, '2330725114': 0, '243351999': 2, '243641585': 22, '243749571': 21, '30503246': 1, '30624898': 17, '32564122': 1, '89127267': 23, '89173763': 8, '89173808': 8, 'cluster_1427494838_273472399': 4, 'cluster_1757124350_1757124352': 9, 'cluster_1863241547_1863241548_1976170214': 5, 'cluster_306484187_cluster_1200363791_1200363826_1200363834_1200363898_1200363927_1200363938_1200363947_1200364074_1200364103_1507566554_1507566556_255882157_306484190': 2, 'gneJ143': 2, 'gneJ207': 1, 'gneJ208': 10, 'gneJ210': 7, 'gneJ255': 15, 'gneJ257': 6}, {'1863241632': 6, '2330725114': 0, '243351999': 2, '243641585': 49, '243749571': 58, '30503246': 2, '30624898': 28, '32564122': 1, '89127267': 27, '89173763': 18, '89173808': 13, 'cluster_1427494838_273472399': 13, 'cluster_1757124350_1757124352': 9, 'cluster_1863241547_1863241548_1976170214': 8, 'cluster_306484187_cluster_1200363791_1200363826_1200363834_1200363898_1200363927_1200363938_1200363947_1200364074_1200364103_1507566554_1507566556_255882157_306484190': 3, 'gneJ143': 3, 'gneJ207': 1, 'gneJ208': 18, 'gneJ210': 22, 'gneJ255': 33, 'gneJ257': 8}, 
59690.0, {'1863241632': -7, '2330725114': 1, '243351999': 1, '243641585': -47, '243749571': -47, '30503246': -2, '30624898': -23, '32564122': 36, '89127267': -10, '89173763': -12, '89173808': -12, 'cluster_1427494838_273472399': -13, 'cluster_1757124350_1757124352': -9, 'cluster_1863241547_1863241548_1976170214': 0, 'cluster_306484187_cluster_1200363791_1200363826_1200363834_1200363898_1200363927_1200363938_1200363947_1200364074_1200364103_1507566554_1507566556_255882157_306484190': -3, 'gneJ143': 0, 'gneJ207': 7, 'gneJ208': 13, 'gneJ210': -22, 'gneJ255': -25, 'gneJ257': -7}, {'1863241632': 5, '2330725114': 0, '243351999': 1, '243641585': 22, '243749571': 21, '30503246': 1, '30624898': 17, '32564122': 1, '89127267': 23, '89173763': 12, '89173808': 8, 'cluster_1427494838_273472399': 4, 'cluster_1757124350_1757124352': 9, 'cluster_1863241547_1863241548_1976170214': 5, 'cluster_306484187_cluster_1200363791_1200363826_1200363834_1200363898_1200363927_1200363938_1200363947_1200364074_1200364103_1507566554_1507566556_255882157_306484190': 2, 'gneJ143': 0, 'gneJ207': 1, 'gneJ208': 10, 'gneJ210': 7, 'gneJ255': 15, 'gneJ257': 6}, {'1863241632': 7, '2330725114': 0, '243351999': 1, '243641585': 49, '243749571': 58, '30503246': 2, '30624898': 28, '32564122': 1, '89127267': 27, '89173763': 22, '89173808': 13, 'cluster_1427494838_273472399': 13, 'cluster_1757124350_1757124352': 9, 'cluster_1863241547_1863241548_1976170214': 8, 'cluster_306484187_cluster_1200363791_1200363826_1200363834_1200363898_1200363927_1200363938_1200363947_1200364074_1200364103_1507566554_1507566556_255882157_306484190': 3, 'gneJ143': 0, 'gneJ207': 1, 'gneJ208': 18, 'gneJ210': 22, 'gneJ255': 33, 'gneJ257': 8}, 
59700.0, {'1863241632': -6, '2330725114': 0, '243351999': -1, '243641585': -47, '243749571': -47, '30503246': -2, '30624898': -23, '32564122': 32, '89127267': -10, '89173763': -12, '89173808': -12, 'cluster_1427494838_273472399': -13, 'cluster_1757124350_1757124352': -9, 'cluster_1863241547_1863241548_1976170214': -2, 'cluster_306484187_cluster_1200363791_1200363826_1200363834_1200363898_1200363927_1200363938_1200363947_1200364074_1200364103_1507566554_1507566556_255882157_306484190': 3, 'gneJ143': 0, 'gneJ207': 7, 'gneJ208': 13, 'gneJ210': -22, 'gneJ255': -26, 'gneJ257': -8}, {'1863241632': 5, '2330725114': 0, '243351999': 3, '243641585': 22, '243749571': 21, '30503246': 1, '30624898': 17, '32564122': 6, '89127267': 23, '89173763': 12, '89173808': 8, 'cluster_1427494838_273472399': 4, 'cluster_1757124350_1757124352': 9, 'cluster_1863241547_1863241548_1976170214': 5, 'cluster_306484187_cluster_1200363791_1200363826_1200363834_1200363898_1200363927_1200363938_1200363947_1200364074_1200364103_1507566554_1507566556_255882157_306484190': 2, 'gneJ143': 0, 'gneJ207': 1, 'gneJ208': 10, 'gneJ210': 7, 'gneJ255': 15, 'gneJ257': 6}, {'1863241632': 6, '2330725114': 0, '243351999': 3, '243641585': 49, '243749571': 58, '30503246': 2, '30624898': 28, '32564122': 6, '89127267': 27, '89173763': 22, '89173808': 13, 'cluster_1427494838_273472399': 13, 'cluster_1757124350_1757124352': 9, 'cluster_1863241547_1863241548_1976170214': 10, 'cluster_306484187_cluster_1200363791_1200363826_1200363834_1200363898_1200363927_1200363938_1200363947_1200364074_1200364103_1507566554_1507566556_255882157_306484190': 3, 'gneJ143': 0, 'gneJ207': 1, 'gneJ208': 18, 'gneJ210': 22, 'gneJ255': 34, 'gneJ257': 8}, 
59710.0, {'1863241632': -6, '2330725114': 0, '243351999': -2, '243641585': -47, '243749571': -47, '30503246': -2, '30624898': -23, '32564122': 29, '89127267': -10, '89173763': -9, '89173808': -12, 'cluster_1427494838_273472399': -13, 'cluster_1757124350_1757124352': -8, 'cluster_1863241547_1863241548_1976170214': -5, 'cluster_306484187_cluster_1200363791_1200363826_1200363834_1200363898_1200363927_1200363938_1200363947_1200364074_1200364103_1507566554_1507566556_255882157_306484190': 6, 'gneJ143': -1, 'gneJ207': 7, 'gneJ208': 13, 'gneJ210': -22, 'gneJ255': -26, 'gneJ257': -8}, {'1863241632': 5, '2330725114': 0, '243351999': 3, '243641585': 22, '243749571': 21, '30503246': 1, '30624898': 17, '32564122': 7, '89127267': 23, '89173763': 10, '89173808': 8, 'cluster_1427494838_273472399': 4, 'cluster_1757124350_1757124352': 9, 'cluster_1863241547_1863241548_1976170214': 5, 'cluster_306484187_cluster_1200363791_1200363826_1200363834_1200363898_1200363927_1200363938_1200363947_1200364074_1200364103_1507566554_1507566556_255882157_306484190': 1, 'gneJ143': 1, 'gneJ207': 1, 'gneJ208': 10, 'gneJ210': 7, 'gneJ255': 15, 'gneJ257': 6}, {'1863241632': 6, '2330725114': 0, '243351999': 3, '243641585': 49, '243749571': 58, '30503246': 2, '30624898': 28, '32564122': 7, '89127267': 27, '89173763': 19, '89173808': 13, 'cluster_1427494838_273472399': 13, 'cluster_1757124350_1757124352': 9, 'cluster_1863241547_1863241548_1976170214': 13, 'cluster_306484187_cluster_1200363791_1200363826_1200363834_1200363898_1200363927_1200363938_1200363947_1200364074_1200364103_1507566554_1507566556_255882157_306484190': 1, 'gneJ143': 1, 'gneJ207': 1, 'gneJ208': 18, 'gneJ210': 22, 'gneJ255': 34, 'gneJ257': 8}, 
59720.0, {'1863241632': -5, '2330725114': 0, '243351999': -2, '243641585': -47, '243749571': -47, '30503246': -2, '30624898': -23, '32564122': 28, '89127267': -10, '89173763': -3, '89173808': -12, 'cluster_1427494838_273472399': -13, 'cluster_1757124350_1757124352': -6, 'cluster_1863241547_1863241548_1976170214': -1, 'cluster_306484187_cluster_1200363791_1200363826_1200363834_1200363898_1200363927_1200363938_1200363947_1200364074_1200364103_1507566554_1507566556_255882157_306484190': 7, 'gneJ143': -4, 'gneJ207': 8, 'gneJ208': 13, 'gneJ210': -22, 'gneJ255': -26, 'gneJ257': -8}, {'1863241632': 5, '2330725114': 0, '243351999': 3, '243641585': 22, '243749571': 21, '30503246': 1, '30624898': 17, '32564122': 8, '89127267': 23, '89173763': 6, '89173808': 8, 'cluster_1427494838_273472399': 4, 'cluster_1757124350_1757124352': 9, 'cluster_1863241547_1863241548_1976170214': 3, 'cluster_306484187_cluster_1200363791_1200363826_1200363834_1200363898_1200363927_1200363938_1200363947_1200364074_1200364103_1507566554_1507566556_255882157_306484190': 1, 'gneJ143': 3, 'gneJ207': 1, 'gneJ208': 10, 'gneJ210': 7, 'gneJ255': 15, 'gneJ257': 6}, {'1863241632': 6, '2330725114': 0, '243351999': 3, '243641585': 49, '243749571': 58, '30503246': 2, '30624898': 28, '32564122': 8, '89127267': 27, '89173763': 13, '89173808': 13, 'cluster_1427494838_273472399': 13, 'cluster_1757124350_1757124352': 9, 'cluster_1863241547_1863241548_1976170214': 9, 'cluster_306484187_cluster_1200363791_1200363826_1200363834_1200363898_1200363927_1200363938_1200363947_1200364074_1200364103_1507566554_1507566556_255882157_306484190': 1, 'gneJ143': 4, 'gneJ207': 1, 'gneJ208': 18, 'gneJ210': 22, 'gneJ255': 34, 'gneJ257': 8}, 
59730.0, {'1863241632': -6, '2330725114': 0, '243351999': -2, '243641585': -47, '243749571': -47, '30503246': -2, '30624898': -23, '32564122': 27, '89127267': -10, '89173763': 1, '89173808': -12, 'cluster_1427494838_273472399': -13, 'cluster_1757124350_1757124352': -9, 'cluster_1863241547_1863241548_1976170214': 0, 'cluster_306484187_cluster_1200363791_1200363826_1200363834_1200363898_1200363927_1200363938_1200363947_1200364074_1200364103_1507566554_1507566556_255882157_306484190': 8, 'gneJ143': 0, 'gneJ207': 7, 'gneJ208': 13, 'gneJ210': -22, 'gneJ255': -26, 'gneJ257': -8}, {'1863241632': 5, '2330725114': 0, '243351999': 3, '243641585': 22, '243749571': 21, '30503246': 1, '30624898': 17, '32564122': 8, '89127267': 23, '89173763': 6, '89173808': 8, 'cluster_1427494838_273472399': 4, 'cluster_1757124350_1757124352': 9, 'cluster_1863241547_1863241548_1976170214': 3, 'cluster_306484187_cluster_1200363791_1200363826_1200363834_1200363898_1200363927_1200363938_1200363947_1200364074_1200364103_1507566554_1507566556_255882157_306484190': 1, 'gneJ143': 0, 'gneJ207': 1, 'gneJ208': 10, 'gneJ210': 7, 'gneJ255': 15, 'gneJ257': 6}, {'1863241632': 6, '2330725114': 0, '243351999': 3, '243641585': 49, '243749571': 58, '30503246': 2, '30624898': 28, '32564122': 9, '89127267': 27, '89173763': 9, '89173808': 13, 'cluster_1427494838_273472399': 13, 'cluster_1757124350_1757124352': 9, 'cluster_1863241547_1863241548_1976170214': 8, 'cluster_306484187_cluster_1200363791_1200363826_1200363834_1200363898_1200363927_1200363938_1200363947_1200364074_1200364103_1507566554_1507566556_255882157_306484190': 1, 'gneJ143': 0, 'gneJ207': 1, 'gneJ208': 18, 'gneJ210': 22, 'gneJ255': 34, 'gneJ257': 8}, 
59740.0, {'1863241632': -5, '2330725114': 0, '243351999': -3, '243641585': -47, '243749571': -47, '30503246': -2, '30624898': -23, '32564122': 28, '89127267': -10, '89173763': 1, '89173808': -12, 'cluster_1427494838_273472399': -13, 'cluster_1757124350_1757124352': -9, 'cluster_1863241547_1863241548_1976170214': 3, 'cluster_306484187_cluster_1200363791_1200363826_1200363834_1200363898_1200363927_1200363938_1200363947_1200364074_1200364103_1507566554_1507566556_255882157_306484190': 8, 'gneJ143': -1, 'gneJ207': 7, 'gneJ208': 13, 'gneJ210': -22, 'gneJ255': -26, 'gneJ257': -8}, {'1863241632': 5, '2330725114': 0, '243351999': 3, '243641585': 22, '243749571': 21, '30503246': 1, '30624898': 17, '32564122': 8, '89127267': 23, '89173763': 6, '89173808': 8, 'cluster_1427494838_273472399': 4, 'cluster_1757124350_1757124352': 9, 'cluster_1863241547_1863241548_1976170214': 2, 'cluster_306484187_cluster_1200363791_1200363826_1200363834_1200363898_1200363927_1200363938_1200363947_1200364074_1200364103_1507566554_1507566556_255882157_306484190': 1, 'gneJ143': 1, 'gneJ207': 1, 'gneJ208': 10, 'gneJ210': 7, 'gneJ255': 15, 'gneJ257': 6}, {'1863241632': 6, '2330725114': 0, '243351999': 4, '243641585': 49, '243749571': 58, '30503246': 2, '30624898': 28, '32564122': 9, '89127267': 27, '89173763': 9, '89173808': 13, 'cluster_1427494838_273472399': 13, 'cluster_1757124350_1757124352': 9, 'cluster_1863241547_1863241548_1976170214': 5, 'cluster_306484187_cluster_1200363791_1200363826_1200363834_1200363898_1200363927_1200363938_1200363947_1200364074_1200364103_1507566554_1507566556_255882157_306484190': 2, 'gneJ143': 1, 'gneJ207': 1, 'gneJ208': 18, 'gneJ210': 22, 'gneJ255': 34, 'gneJ257': 8}, 
59750.0, {'1863241632': -6, '2330725114': 0, '243351999': -3, '243641585': -47, '243749571': -47, '30503246': -2, '30624898': -23, '32564122': 27, '89127267': -10, '89173763': 1, '89173808': -12, 'cluster_1427494838_273472399': -13, 'cluster_1757124350_1757124352': -9, 'cluster_1863241547_1863241548_1976170214': 4, 'cluster_306484187_cluster_1200363791_1200363826_1200363834_1200363898_1200363927_1200363938_1200363947_1200364074_1200364103_1507566554_1507566556_255882157_306484190': 9, 'gneJ143': -1, 'gneJ207': 7, 'gneJ208': 13, 'gneJ210': -22, 'gneJ255': -26, 'gneJ257': -8}, {'1863241632': 5, '2330725114': 0, '243351999': 3, '243641585': 22, '243749571': 21, '30503246': 1, '30624898': 17, '32564122': 8, '89127267': 23, '89173763': 6, '89173808': 8, 'cluster_1427494838_273472399': 4, 'cluster_1757124350_1757124352': 9, 'cluster_1863241547_1863241548_1976170214': 2, 'cluster_306484187_cluster_1200363791_1200363826_1200363834_1200363898_1200363927_1200363938_1200363947_1200364074_1200364103_1507566554_1507566556_255882157_306484190': 1, 'gneJ143': 1, 'gneJ207': 1, 'gneJ208': 10, 'gneJ210': 7, 'gneJ255': 15, 'gneJ257': 6}, {'1863241632': 6, '2330725114': 0, '243351999': 4, '243641585': 49, '243749571': 58, '30503246': 2, '30624898': 28, '32564122': 9, '89127267': 27, '89173763': 9, '89173808': 13, 'cluster_1427494838_273472399': 13, 'cluster_1757124350_1757124352': 9, 'cluster_1863241547_1863241548_1976170214': 4, 'cluster_306484187_cluster_1200363791_1200363826_1200363834_1200363898_1200363927_1200363938_1200363947_1200364074_1200364103_1507566554_1507566556_255882157_306484190': 1, 'gneJ143': 1, 'gneJ207': 1, 'gneJ208': 18, 'gneJ210': 22, 'gneJ255': 34, 'gneJ257': 8}, 
59760.0, {'1863241632': -5, '2330725114': 0, '243351999': -3, '243641585': -47, '243749571': -47, '30503246': -2, '30624898': -23, '32564122': 26, '89127267': -10, '89173763': 1, '89173808': -12, 'cluster_1427494838_273472399': -13, 'cluster_1757124350_1757124352': -9, 'cluster_1863241547_1863241548_1976170214': 4, 'cluster_306484187_cluster_1200363791_1200363826_1200363834_1200363898_1200363927_1200363938_1200363947_1200364074_1200364103_1507566554_1507566556_255882157_306484190': 9, 'gneJ143': -3, 'gneJ207': 9, 'gneJ208': 13, 'gneJ210': -22, 'gneJ255': -25, 'gneJ257': -8}, {'1863241632': 5, '2330725114': 0, '243351999': 3, '243641585': 22, '243749571': 21, '30503246': 1, '30624898': 17, '32564122': 8, '89127267': 23, '89173763': 6, '89173808': 8, 'cluster_1427494838_273472399': 4, 'cluster_1757124350_1757124352': 9, 'cluster_1863241547_1863241548_1976170214': 2, 'cluster_306484187_cluster_1200363791_1200363826_1200363834_1200363898_1200363927_1200363938_1200363947_1200364074_1200364103_1507566554_1507566556_255882157_306484190': 1, 'gneJ143': 1, 'gneJ207': 1, 'gneJ208': 10, 'gneJ210': 7, 'gneJ255': 15, 'gneJ257': 6}, {'1863241632': 6, '2330725114': 0, '243351999': 4, '243641585': 49, '243749571': 58, '30503246': 2, '30624898': 28, '32564122': 10, '89127267': 27, '89173763': 9, '89173808': 13, 'cluster_1427494838_273472399': 13, 'cluster_1757124350_1757124352': 9, 'cluster_1863241547_1863241548_1976170214': 4, 'cluster_306484187_cluster_1200363791_1200363826_1200363834_1200363898_1200363927_1200363938_1200363947_1200364074_1200364103_1507566554_1507566556_255882157_306484190': 1, 'gneJ143': 3, 'gneJ207': 1, 'gneJ208': 18, 'gneJ210': 22, 'gneJ255': 34, 'gneJ257': 8}, 
59770.0, {'1863241632': -6, '2330725114': 0, '243351999': -3, '243641585': -47, '243749571': -47, '30503246': -2, '30624898': -23, '32564122': 26, '89127267': -10, '89173763': 1, '89173808': -12, 'cluster_1427494838_273472399': -13, 'cluster_1757124350_1757124352': -8, 'cluster_1863241547_1863241548_1976170214': 3, 'cluster_306484187_cluster_1200363791_1200363826_1200363834_1200363898_1200363927_1200363938_1200363947_1200364074_1200364103_1507566554_1507566556_255882157_306484190': 9, 'gneJ143': -5, 'gneJ207': 9, 'gneJ208': 13, 'gneJ210': -22, 'gneJ255': -25, 'gneJ257': -8}, {'1863241632': 5, '2330725114': 0, '243351999': 3, '243641585': 22, '243749571': 21, '30503246': 1, '30624898': 17, '32564122': 8, '89127267': 23, '89173763': 6, '89173808': 8, 'cluster_1427494838_273472399': 4, 'cluster_1757124350_1757124352': 9, 'cluster_1863241547_1863241548_1976170214': 2, 'cluster_306484187_cluster_1200363791_1200363826_1200363834_1200363898_1200363927_1200363938_1200363947_1200364074_1200364103_1507566554_1507566556_255882157_306484190': 1, 'gneJ143': 2, 'gneJ207': 1, 'gneJ208': 10, 'gneJ210': 7, 'gneJ255': 15, 'gneJ257': 6}, {'1863241632': 6, '2330725114': 0, '243351999': 4, '243641585': 49, '243749571': 58, '30503246': 2, '30624898': 28, '32564122': 10, '89127267': 27, '89173763': 9, '89173808': 13, 'cluster_1427494838_273472399': 13, 'cluster_1757124350_1757124352': 9, 'cluster_1863241547_1863241548_1976170214': 5, 'cluster_306484187_cluster_1200363791_1200363826_1200363834_1200363898_1200363927_1200363938_1200363947_1200364074_1200364103_1507566554_1507566556_255882157_306484190': 1, 'gneJ143': 5, 'gneJ207': 1, 'gneJ208': 18, 'gneJ210': 22, 'gneJ255': 34, 'gneJ257': 8}, 
59780.0, {'1863241632': -6, '2330725114': 0, '243351999': -2, '243641585': -47, '243749571': -47, '30503246': -2, '30624898': -23, '32564122': 27, '89127267': -10, '89173763': 1, '89173808': -12, 'cluster_1427494838_273472399': -13, 'cluster_1757124350_1757124352': -7, 'cluster_1863241547_1863241548_1976170214': 0, 'cluster_306484187_cluster_1200363791_1200363826_1200363834_1200363898_1200363927_1200363938_1200363947_1200364074_1200364103_1507566554_1507566556_255882157_306484190': 7, 'gneJ143': -7, 'gneJ207': 10, 'gneJ208': 13, 'gneJ210': -22, 'gneJ255': -25, 'gneJ257': -8}, {'1863241632': 5, '2330725114': 0, '243351999': 3, '243641585': 22, '243749571': 21, '30503246': 1, '30624898': 17, '32564122': 8, '89127267': 23, '89173763': 6, '89173808': 8, 'cluster_1427494838_273472399': 4, 'cluster_1757124350_1757124352': 9, 'cluster_1863241547_1863241548_1976170214': 5, 'cluster_306484187_cluster_1200363791_1200363826_1200363834_1200363898_1200363927_1200363938_1200363947_1200364074_1200364103_1507566554_1507566556_255882157_306484190': 1, 'gneJ143': 2, 'gneJ207': 1, 'gneJ208': 10, 'gneJ210': 7, 'gneJ255': 15, 'gneJ257': 6}, {'1863241632': 6, '2330725114': 0, '243351999': 3, '243641585': 49, '243749571': 58, '30503246': 2, '30624898': 28, '32564122': 10, '89127267': 27, '89173763': 9, '89173808': 13, 'cluster_1427494838_273472399': 13, 'cluster_1757124350_1757124352': 9, 'cluster_1863241547_1863241548_1976170214': 8, 'cluster_306484187_cluster_1200363791_1200363826_1200363834_1200363898_1200363927_1200363938_1200363947_1200364074_1200364103_1507566554_1507566556_255882157_306484190': 2, 'gneJ143': 7, 'gneJ207': 1, 'gneJ208': 18, 'gneJ210': 22, 'gneJ255': 34, 'gneJ257': 8}, 
59790.0, {'1863241632': -6, '2330725114': 0, '243351999': -3, '243641585': -47, '243749571': -47, '30503246': -2, '30624898': -23, '32564122': 25, '89127267': -10, '89173763': 1, '89173808': -12, 'cluster_1427494838_273472399': -13, 'cluster_1757124350_1757124352': -5, 'cluster_1863241547_1863241548_1976170214': -1, 'cluster_306484187_cluster_1200363791_1200363826_1200363834_1200363898_1200363927_1200363938_1200363947_1200364074_1200364103_1507566554_1507566556_255882157_306484190': 8, 'gneJ143': -11, 'gneJ207': 11, 'gneJ208': 13, 'gneJ210': -22, 'gneJ255': -24, 'gneJ257': -8}, {'1863241632': 5, '2330725114': 0, '243351999': 4, '243641585': 22, '243749571': 21, '30503246': 1, '30624898': 17, '32564122': 8, '89127267': 23, '89173763': 6, '89173808': 8, 'cluster_1427494838_273472399': 4, 'cluster_1757124350_1757124352': 9, 'cluster_1863241547_1863241548_1976170214': 5, 'cluster_306484187_cluster_1200363791_1200363826_1200363834_1200363898_1200363927_1200363938_1200363947_1200364074_1200364103_1507566554_1507566556_255882157_306484190': 1, 'gneJ143': 3, 'gneJ207': 1, 'gneJ208': 10, 'gneJ210': 7, 'gneJ255': 15, 'gneJ257': 6}, {'1863241632': 6, '2330725114': 0, '243351999': 4, '243641585': 49, '243749571': 58, '30503246': 2, '30624898': 28, '32564122': 11, '89127267': 27, '89173763': 9, '89173808': 13, 'cluster_1427494838_273472399': 13, 'cluster_1757124350_1757124352': 9, 'cluster_1863241547_1863241548_1976170214': 9, 'cluster_306484187_cluster_1200363791_1200363826_1200363834_1200363898_1200363927_1200363938_1200363947_1200364074_1200364103_1507566554_1507566556_255882157_306484190': 1, 'gneJ143': 11, 'gneJ207': 1, 'gneJ208': 18, 'gneJ210': 22, 'gneJ255': 34, 'gneJ257': 8}, 
59800.0, {'1863241632': -5, '2330725114': 0, '243351999': 0, '243641585': -47, '243749571': -47, '30503246': -2, '30624898': -23, '32564122': 25, '89127267': -10, '89173763': 1, '89173808': -12, 'cluster_1427494838_273472399': -13, 'cluster_1757124350_1757124352': -9, 'cluster_1863241547_1863241548_1976170214': 0, 'cluster_306484187_cluster_1200363791_1200363826_1200363834_1200363898_1200363927_1200363938_1200363947_1200364074_1200364103_1507566554_1507566556_255882157_306484190': 8, 'gneJ143': -5, 'gneJ207': 7, 'gneJ208': 13, 'gneJ210': -22, 'gneJ255': -24, 'gneJ257': -8}, {'1863241632': 5, '2330725114': 0, '243351999': 1, '243641585': 22, '243749571': 21, '30503246': 1, '30624898': 17, '32564122': 8, '89127267': 23, '89173763': 6, '89173808': 8, 'cluster_1427494838_273472399': 4, 'cluster_1757124350_1757124352': 9, 'cluster_1863241547_1863241548_1976170214': 4, 'cluster_306484187_cluster_1200363791_1200363826_1200363834_1200363898_1200363927_1200363938_1200363947_1200364074_1200364103_1507566554_1507566556_255882157_306484190': 1, 'gneJ143': 5, 'gneJ207': 1, 'gneJ208': 10, 'gneJ210': 7, 'gneJ255': 15, 'gneJ257': 6}, {'1863241632': 6, '2330725114': 0, '243351999': 1, '243641585': 49, '243749571': 58, '30503246': 2, '30624898': 28, '32564122': 11, '89127267': 27, '89173763': 9, '89173808': 13, 'cluster_1427494838_273472399': 13, 'cluster_1757124350_1757124352': 9, 'cluster_1863241547_1863241548_1976170214': 8, 'cluster_306484187_cluster_1200363791_1200363826_1200363834_1200363898_1200363927_1200363938_1200363947_1200364074_1200364103_1507566554_1507566556_255882157_306484190': 1, 'gneJ143': 5, 'gneJ207': 1, 'gneJ208': 18, 'gneJ210': 22, 'gneJ255': 34, 'gneJ257': 8}, 
59810.0, {'1863241632': -6, '2330725114': 0, '243351999': 0, '243641585': -47, '243749571': -47, '30503246': -2, '30624898': -23, '32564122': 25, '89127267': -10, '89173763': 1, '89173808': -12, 'cluster_1427494838_273472399': -13, 'cluster_1757124350_1757124352': -9, 'cluster_1863241547_1863241548_1976170214': -2, 'cluster_306484187_cluster_1200363791_1200363826_1200363834_1200363898_1200363927_1200363938_1200363947_1200364074_1200364103_1507566554_1507566556_255882157_306484190': 8, 'gneJ143': -7, 'gneJ207': 11, 'gneJ208': 13, 'gneJ210': -22, 'gneJ255': -24, 'gneJ257': -8}, {'1863241632': 5, '2330725114': 0, '243351999': 1, '243641585': 22, '243749571': 21, '30503246': 1, '30624898': 17, '32564122': 8, '89127267': 23, '89173763': 6, '89173808': 8, 'cluster_1427494838_273472399': 4, 'cluster_1757124350_1757124352': 9, 'cluster_1863241547_1863241548_1976170214': 5, 'cluster_306484187_cluster_1200363791_1200363826_1200363834_1200363898_1200363927_1200363938_1200363947_1200364074_1200364103_1507566554_1507566556_255882157_306484190': 1, 'gneJ143': 3, 'gneJ207': 1, 'gneJ208': 10, 'gneJ210': 7, 'gneJ255': 15, 'gneJ257': 6}, {'1863241632': 6, '2330725114': 0, '243351999': 1, '243641585': 49, '243749571': 58, '30503246': 2, '30624898': 28, '32564122': 11, '89127267': 27, '89173763': 9, '89173808': 13, 'cluster_1427494838_273472399': 13, 'cluster_1757124350_1757124352': 12, 'cluster_1863241547_1863241548_1976170214': 10, 'cluster_306484187_cluster_1200363791_1200363826_1200363834_1200363898_1200363927_1200363938_1200363947_1200364074_1200364103_1507566554_1507566556_255882157_306484190': 1, 'gneJ143': 10, 'gneJ207': 1, 'gneJ208': 18, 'gneJ210': 22, 'gneJ255': 34, 'gneJ257': 8}, 
59820.0, {'1863241632': -5, '2330725114': 0, '243351999': 0, '243641585': -47, '243749571': -47, '30503246': -2, '30624898': -23, '32564122': 30, '89127267': -10, '89173763': 1, '89173808': -12, 'cluster_1427494838_273472399': -13, 'cluster_1757124350_1757124352': -13, 'cluster_1863241547_1863241548_1976170214': -1, 'cluster_306484187_cluster_1200363791_1200363826_1200363834_1200363898_1200363927_1200363938_1200363947_1200364074_1200364103_1507566554_1507566556_255882157_306484190': 4, 'gneJ143': -1, 'gneJ207': 12, 'gneJ208': 13, 'gneJ210': -22, 'gneJ255': -26, 'gneJ257': -7}, {'1863241632': 5, '2330725114': 0, '243351999': 1, '243641585': 22, '243749571': 21, '30503246': 1, '30624898': 17, '32564122': 6, '89127267': 23, '89173763': 6, '89173808': 8, 'cluster_1427494838_273472399': 4, 'cluster_1757124350_1757124352': 9, 'cluster_1863241547_1863241548_1976170214': 4, 'cluster_306484187_cluster_1200363791_1200363826_1200363834_1200363898_1200363927_1200363938_1200363947_1200364074_1200364103_1507566554_1507566556_255882157_306484190': 1, 'gneJ143': 3, 'gneJ207': 1, 'gneJ208': 10, 'gneJ210': 7, 'gneJ255': 15, 'gneJ257': 6}, {'1863241632': 6, '2330725114': 0, '243351999': 1, '243641585': 49, '243749571': 58, '30503246': 2, '30624898': 28, '32564122': 7, '89127267': 27, '89173763': 9, '89173808': 13, 'cluster_1427494838_273472399': 13, 'cluster_1757124350_1757124352': 16, 'cluster_1863241547_1863241548_1976170214': 9, 'cluster_306484187_cluster_1200363791_1200363826_1200363834_1200363898_1200363927_1200363938_1200363947_1200364074_1200364103_1507566554_1507566556_255882157_306484190': 2, 'gneJ143': 8, 'gneJ207': 1, 'gneJ208': 18, 'gneJ210': 22, 'gneJ255': 34, 'gneJ257': 8}, 
59830.0, {'1863241632': -6, '2330725114': 0, '243351999': 0, '243641585': -47, '243749571': -47, '30503246': -2, '30624898': -23, '32564122': 32, '89127267': -10, '89173763': 1, '89173808': -12, 'cluster_1427494838_273472399': -13, 'cluster_1757124350_1757124352': -13, 'cluster_1863241547_1863241548_1976170214': 0, 'cluster_306484187_cluster_1200363791_1200363826_1200363834_1200363898_1200363927_1200363938_1200363947_1200364074_1200364103_1507566554_1507566556_255882157_306484190': 4, 'gneJ143': -2, 'gneJ207': 9, 'gneJ208': 13, 'gneJ210': -22, 'gneJ255': -26, 'gneJ257': -7}, {'1863241632': 5, '2330725114': 0, '243351999': 1, '243641585': 22, '243749571': 21, '30503246': 1, '30624898': 17, '32564122': 3, '89127267': 23, '89173763': 6, '89173808': 8, 'cluster_1427494838_273472399': 4, 'cluster_1757124350_1757124352': 9, 'cluster_1863241547_1863241548_1976170214': 5, 'cluster_306484187_cluster_1200363791_1200363826_1200363834_1200363898_1200363927_1200363938_1200363947_1200364074_1200364103_1507566554_1507566556_255882157_306484190': 1, 'gneJ143': 3, 'gneJ207': 2, 'gneJ208': 10, 'gneJ210': 7, 'gneJ255': 15, 'gneJ257': 6}, {'1863241632': 6, '2330725114': 0, '243351999': 1, '243641585': 49, '243749571': 58, '30503246': 2, '30624898': 28, '32564122': 4, '89127267': 27, '89173763': 9, '89173808': 13, 'cluster_1427494838_273472399': 13, 'cluster_1757124350_1757124352': 16, 'cluster_1863241547_1863241548_1976170214': 8, 'cluster_306484187_cluster_1200363791_1200363826_1200363834_1200363898_1200363927_1200363938_1200363947_1200364074_1200364103_1507566554_1507566556_255882157_306484190': 1, 'gneJ143': 9, 'gneJ207': 3, 'gneJ208': 18, 'gneJ210': 22, 'gneJ255': 34, 'gneJ257': 8}, 
59840.0, {'1863241632': -6, '2330725114': 0, '243351999': 0, '243641585': -47, '243749571': -47, '30503246': -2, '30624898': -23, '32564122': 35, '89127267': -10, '89173763': 1, '89173808': -12, 'cluster_1427494838_273472399': -13, 'cluster_1757124350_1757124352': -13, 'cluster_1863241547_1863241548_1976170214': -1, 'cluster_306484187_cluster_1200363791_1200363826_1200363834_1200363898_1200363927_1200363938_1200363947_1200364074_1200364103_1507566554_1507566556_255882157_306484190': 3, 'gneJ143': -2, 'gneJ207': 7, 'gneJ208': 13, 'gneJ210': -22, 'gneJ255': -26, 'gneJ257': -7}, {'1863241632': 5, '2330725114': 0, '243351999': 1, '243641585': 22, '243749571': 21, '30503246': 1, '30624898': 17, '32564122': 1, '89127267': 23, '89173763': 6, '89173808': 8, 'cluster_1427494838_273472399': 4, 'cluster_1757124350_1757124352': 9, 'cluster_1863241547_1863241548_1976170214': 6, 'cluster_306484187_cluster_1200363791_1200363826_1200363834_1200363898_1200363927_1200363938_1200363947_1200364074_1200364103_1507566554_1507566556_255882157_306484190': 1, 'gneJ143': 3, 'gneJ207': 3, 'gneJ208': 10, 'gneJ210': 7, 'gneJ255': 15, 'gneJ257': 6}, {'1863241632': 6, '2330725114': 0, '243351999': 1, '243641585': 49, '243749571': 58, '30503246': 2, '30624898': 28, '32564122': 1, '89127267': 27, '89173763': 9, '89173808': 13, 'cluster_1427494838_273472399': 13, 'cluster_1757124350_1757124352': 16, 'cluster_1863241547_1863241548_1976170214': 9, 'cluster_306484187_cluster_1200363791_1200363826_1200363834_1200363898_1200363927_1200363938_1200363947_1200364074_1200364103_1507566554_1507566556_255882157_306484190': 1, 'gneJ143': 9, 'gneJ207': 5, 'gneJ208': 18, 'gneJ210': 22, 'gneJ255': 34, 'gneJ257': 8}, 
59850.0, {'1863241632': -6, '2330725114': 0, '243351999': 0, '243641585': -47, '243749571': -47, '30503246': -2, '30624898': -23, '32564122': 35, '89127267': -10, '89173763': 1, '89173808': -12, 'cluster_1427494838_273472399': -13, 'cluster_1757124350_1757124352': -13, 'cluster_1863241547_1863241548_1976170214': -1, 'cluster_306484187_cluster_1200363791_1200363826_1200363834_1200363898_1200363927_1200363938_1200363947_1200364074_1200364103_1507566554_1507566556_255882157_306484190': 6, 'gneJ143': -2, 'gneJ207': 4, 'gneJ208': 13, 'gneJ210': -22, 'gneJ255': -26, 'gneJ257': -7}, {'1863241632': 5, '2330725114': 0, '243351999': 1, '243641585': 22, '243749571': 21, '30503246': 1, '30624898': 17, '32564122': 1, '89127267': 23, '89173763': 6, '89173808': 8, 'cluster_1427494838_273472399': 4, 'cluster_1757124350_1757124352': 9, 'cluster_1863241547_1863241548_1976170214': 6, 'cluster_306484187_cluster_1200363791_1200363826_1200363834_1200363898_1200363927_1200363938_1200363947_1200364074_1200364103_1507566554_1507566556_255882157_306484190': 1, 'gneJ143': 3, 'gneJ207': 6, 'gneJ208': 10, 'gneJ210': 7, 'gneJ255': 15, 'gneJ257': 6}, {'1863241632': 6, '2330725114': 0, '243351999': 1, '243641585': 49, '243749571': 58, '30503246': 2, '30624898': 28, '32564122': 1, '89127267': 27, '89173763': 9, '89173808': 13, 'cluster_1427494838_273472399': 13, 'cluster_1757124350_1757124352': 16, 'cluster_1863241547_1863241548_1976170214': 9, 'cluster_306484187_cluster_1200363791_1200363826_1200363834_1200363898_1200363927_1200363938_1200363947_1200364074_1200364103_1507566554_1507566556_255882157_306484190': 1, 'gneJ143': 9, 'gneJ207': 8, 'gneJ208': 18, 'gneJ210': 22, 'gneJ255': 34, 'gneJ257': 8}, 
59860.0, {'1863241632': -6, '2330725114': 0, '243351999': -1, '243641585': -47, '243749571': -47, '30503246': -2, '30624898': -23, '32564122': 34, '89127267': -10, '89173763': -1, '89173808': -12, 'cluster_1427494838_273472399': -13, 'cluster_1757124350_1757124352': -12, 'cluster_1863241547_1863241548_1976170214': 0, 'cluster_306484187_cluster_1200363791_1200363826_1200363834_1200363898_1200363927_1200363938_1200363947_1200364074_1200364103_1507566554_1507566556_255882157_306484190': 7, 'gneJ143': -6, 'gneJ207': 4, 'gneJ208': 13, 'gneJ210': -22, 'gneJ255': -26, 'gneJ257': -6}, {'1863241632': 5, '2330725114': 0, '243351999': 1, '243641585': 22, '243749571': 21, '30503246': 1, '30624898': 17, '32564122': 1, '89127267': 23, '89173763': 6, '89173808': 8, 'cluster_1427494838_273472399': 4, 'cluster_1757124350_1757124352': 9, 'cluster_1863241547_1863241548_1976170214': 6, 'cluster_306484187_cluster_1200363791_1200363826_1200363834_1200363898_1200363927_1200363938_1200363947_1200364074_1200364103_1507566554_1507566556_255882157_306484190': 1, 'gneJ143': 5, 'gneJ207': 6, 'gneJ208': 10, 'gneJ210': 7, 'gneJ255': 15, 'gneJ257': 6}, {'1863241632': 6, '2330725114': 0, '243351999': 2, '243641585': 49, '243749571': 58, '30503246': 2, '30624898': 28, '32564122': 2, '89127267': 27, '89173763': 9, '89173808': 13, 'cluster_1427494838_273472399': 13, 'cluster_1757124350_1757124352': 16, 'cluster_1863241547_1863241548_1976170214': 8, 'cluster_306484187_cluster_1200363791_1200363826_1200363834_1200363898_1200363927_1200363938_1200363947_1200364074_1200364103_1507566554_1507566556_255882157_306484190': 1, 'gneJ143': 13, 'gneJ207': 8, 'gneJ208': 18, 'gneJ210': 22, 'gneJ255': 34, 'gneJ257': 8}, 
59870.0, {'1863241632': -6, '2330725114': 0, '243351999': -1, '243641585': -47, '243749571': -47, '30503246': -2, '30624898': -23, '32564122': 34, '89127267': -10, '89173763': -1, '89173808': -13, 'cluster_1427494838_273472399': -13, 'cluster_1757124350_1757124352': -9, 'cluster_1863241547_1863241548_1976170214': -2, 'cluster_306484187_cluster_1200363791_1200363826_1200363834_1200363898_1200363927_1200363938_1200363947_1200364074_1200364103_1507566554_1507566556_255882157_306484190': 7, 'gneJ143': -9, 'gneJ207': 5, 'gneJ208': 13, 'gneJ210': -22, 'gneJ255': -26, 'gneJ257': -6}, {'1863241632': 5, '2330725114': 0, '243351999': 1, '243641585': 22, '243749571': 21, '30503246': 1, '30624898': 17, '32564122': 1, '89127267': 23, '89173763': 6, '89173808': 8, 'cluster_1427494838_273472399': 4, 'cluster_1757124350_1757124352': 9, 'cluster_1863241547_1863241548_1976170214': 6, 'cluster_306484187_cluster_1200363791_1200363826_1200363834_1200363898_1200363927_1200363938_1200363947_1200364074_1200364103_1507566554_1507566556_255882157_306484190': 1, 'gneJ143': 5, 'gneJ207': 6, 'gneJ208': 10, 'gneJ210': 7, 'gneJ255': 15, 'gneJ257': 6}, {'1863241632': 6, '2330725114': 0, '243351999': 2, '243641585': 49, '243749571': 58, '30503246': 2, '30624898': 28, '32564122': 2, '89127267': 27, '89173763': 9, '89173808': 13, 'cluster_1427494838_273472399': 13, 'cluster_1757124350_1757124352': 16, 'cluster_1863241547_1863241548_1976170214': 10, 'cluster_306484187_cluster_1200363791_1200363826_1200363834_1200363898_1200363927_1200363938_1200363947_1200364074_1200364103_1507566554_1507566556_255882157_306484190': 1, 'gneJ143': 16, 'gneJ207': 7, 'gneJ208': 18, 'gneJ210': 22, 'gneJ255': 34, 'gneJ257': 8}, 
59880.0, {'1863241632': -6, '2330725114': 0, '243351999': -2, '243641585': -47, '243749571': -47, '30503246': -2, '30624898': -23, '32564122': 34, '89127267': -10, '89173763': -1, '89173808': -11, 'cluster_1427494838_273472399': -13, 'cluster_1757124350_1757124352': -9, 'cluster_1863241547_1863241548_1976170214': -4, 'cluster_306484187_cluster_1200363791_1200363826_1200363834_1200363898_1200363927_1200363938_1200363947_1200364074_1200364103_1507566554_1507566556_255882157_306484190': 7, 'gneJ143': -9, 'gneJ207': 3, 'gneJ208': 13, 'gneJ210': -14, 'gneJ255': -30, 'gneJ257': -6}, {'1863241632': 5, '2330725114': 0, '243351999': 2, '243641585': 22, '243749571': 21, '30503246': 1, '30624898': 17, '32564122': 1, '89127267': 23, '89173763': 6, '89173808': 8, 'cluster_1427494838_273472399': 4, 'cluster_1757124350_1757124352': 9, 'cluster_1863241547_1863241548_1976170214': 6, 'cluster_306484187_cluster_1200363791_1200363826_1200363834_1200363898_1200363927_1200363938_1200363947_1200364074_1200364103_1507566554_1507566556_255882157_306484190': 1, 'gneJ143': 5, 'gneJ207': 6, 'gneJ208': 10, 'gneJ210': 5, 'gneJ255': 15, 'gneJ257': 6}, {'1863241632': 6, '2330725114': 0, '243351999': 3, '243641585': 49, '243749571': 58, '30503246': 2, '30624898': 28, '32564122': 2, '89127267': 27, '89173763': 9, '89173808': 13, 'cluster_1427494838_273472399': 13, 'cluster_1757124350_1757124352': 16, 'cluster_1863241547_1863241548_1976170214': 12, 'cluster_306484187_cluster_1200363791_1200363826_1200363834_1200363898_1200363927_1200363938_1200363947_1200364074_1200364103_1507566554_1507566556_255882157_306484190': 1, 'gneJ143': 16, 'gneJ207': 9, 'gneJ208': 18, 'gneJ210': 14, 'gneJ255': 34, 'gneJ257': 8}, 
59890.0, {'1863241632': -6, '2330725114': 0, '243351999': -2, '243641585': -47, '243749571': -47, '30503246': -2, '30624898': -23, '32564122': 34, '89127267': -10, '89173763': -1, '89173808': -13, 'cluster_1427494838_273472399': -13, 'cluster_1757124350_1757124352': -14, 'cluster_1863241547_1863241548_1976170214': -5, 'cluster_306484187_cluster_1200363791_1200363826_1200363834_1200363898_1200363927_1200363938_1200363947_1200364074_1200364103_1507566554_1507566556_255882157_306484190': 7, 'gneJ143': 0, 'gneJ207': 1, 'gneJ208': 13, 'gneJ210': -18, 'gneJ255': -26, 'gneJ257': -6}, {'1863241632': 5, '2330725114': 0, '243351999': 2, '243641585': 22, '243749571': 21, '30503246': 1, '30624898': 17, '32564122': 1, '89127267': 23, '89173763': 6, '89173808': 8, 'cluster_1427494838_273472399': 4, 'cluster_1757124350_1757124352': 9, 'cluster_1863241547_1863241548_1976170214': 6, 'cluster_306484187_cluster_1200363791_1200363826_1200363834_1200363898_1200363927_1200363938_1200363947_1200364074_1200364103_1507566554_1507566556_255882157_306484190': 1, 'gneJ143': 5, 'gneJ207': 6, 'gneJ208': 10, 'gneJ210': 6, 'gneJ255': 15, 'gneJ257': 6}, {'1863241632': 6, '2330725114': 0, '243351999': 3, '243641585': 49, '243749571': 58, '30503246': 2, '30624898': 28, '32564122': 2, '89127267': 27, '89173763': 9, '89173808': 13, 'cluster_1427494838_273472399': 13, 'cluster_1757124350_1757124352': 16, 'cluster_1863241547_1863241548_1976170214': 13, 'cluster_306484187_cluster_1200363791_1200363826_1200363834_1200363898_1200363927_1200363938_1200363947_1200364074_1200364103_1507566554_1507566556_255882157_306484190': 1, 'gneJ143': 7, 'gneJ207': 7, 'gneJ208': 18, 'gneJ210': 18, 'gneJ255': 34, 'gneJ257': 8}, 
59900.0, {'1863241632': -6, '2330725114': 0, '243351999': -2, '243641585': -47, '243749571': -47, '30503246': -2, '30624898': -23, '32564122': 35, '89127267': -10, '89173763': -1, '89173808': -13, 'cluster_1427494838_273472399': -13, 'cluster_1757124350_1757124352': -20, 'cluster_1863241547_1863241548_1976170214': -8, 'cluster_306484187_cluster_1200363791_1200363826_1200363834_1200363898_1200363927_1200363938_1200363947_1200364074_1200364103_1507566554_1507566556_255882157_306484190': 6, 'gneJ143': 6, 'gneJ207': 0, 'gneJ208': 13, 'gneJ210': -22, 'gneJ255': -26, 'gneJ257': -6}, {'1863241632': 5, '2330725114': 0, '243351999': 2, '243641585': 22, '243749571': 21, '30503246': 1, '30624898': 17, '32564122': 1, '89127267': 23, '89173763': 6, '89173808': 8, 'cluster_1427494838_273472399': 4, 'cluster_1757124350_1757124352': 9, 'cluster_1863241547_1863241548_1976170214': 6, 'cluster_306484187_cluster_1200363791_1200363826_1200363834_1200363898_1200363927_1200363938_1200363947_1200364074_1200364103_1507566554_1507566556_255882157_306484190': 1, 'gneJ143': 5, 'gneJ207': 6, 'gneJ208': 10, 'gneJ210': 7, 'gneJ255': 15, 'gneJ257': 6}, {'1863241632': 6, '2330725114': 0, '243351999': 3, '243641585': 49, '243749571': 58, '30503246': 2, '30624898': 28, '32564122': 2, '89127267': 27, '89173763': 9, '89173808': 13, 'cluster_1427494838_273472399': 13, 'cluster_1757124350_1757124352': 20, 'cluster_1863241547_1863241548_1976170214': 16, 'cluster_306484187_cluster_1200363791_1200363826_1200363834_1200363898_1200363927_1200363938_1200363947_1200364074_1200364103_1507566554_1507566556_255882157_306484190': 2, 'gneJ143': 5, 'gneJ207': 8, 'gneJ208': 18, 'gneJ210': 22, 'gneJ255': 34, 'gneJ257': 8}, 
59910.0, {'1863241632': -6, '2330725114': 0, '243351999': -2, '243641585': -47, '243749571': -47, '30503246': -2, '30624898': -23, '32564122': 34, '89127267': -10, '89173763': -1, '89173808': -13, 'cluster_1427494838_273472399': -13, 'cluster_1757124350_1757124352': -13, 'cluster_1863241547_1863241548_1976170214': -11, 'cluster_306484187_cluster_1200363791_1200363826_1200363834_1200363898_1200363927_1200363938_1200363947_1200364074_1200364103_1507566554_1507566556_255882157_306484190': 7, 'gneJ143': 5, 'gneJ207': -6, 'gneJ208': 13, 'gneJ210': -22, 'gneJ255': -26, 'gneJ257': -6}, {'1863241632': 5, '2330725114': 0, '243351999': 2, '243641585': 22, '243749571': 21, '30503246': 1, '30624898': 17, '32564122': 1, '89127267': 23, '89173763': 6, '89173808': 8, 'cluster_1427494838_273472399': 4, 'cluster_1757124350_1757124352': 6, 'cluster_1863241547_1863241548_1976170214': 6, 'cluster_306484187_cluster_1200363791_1200363826_1200363834_1200363898_1200363927_1200363938_1200363947_1200364074_1200364103_1507566554_1507566556_255882157_306484190': 1, 'gneJ143': 5, 'gneJ207': 6, 'gneJ208': 10, 'gneJ210': 7, 'gneJ255': 15, 'gneJ257': 6}, {'1863241632': 6, '2330725114': 0, '243351999': 3, '243641585': 49, '243749571': 58, '30503246': 2, '30624898': 28, '32564122': 2, '89127267': 27, '89173763': 9, '89173808': 13, 'cluster_1427494838_273472399': 13, 'cluster_1757124350_1757124352': 18, 'cluster_1863241547_1863241548_1976170214': 19, 'cluster_306484187_cluster_1200363791_1200363826_1200363834_1200363898_1200363927_1200363938_1200363947_1200364074_1200364103_1507566554_1507566556_255882157_306484190': 1, 'gneJ143': 10, 'gneJ207': 14, 'gneJ208': 18, 'gneJ210': 22, 'gneJ255': 34, 'gneJ257': 8}, 
59920.0, {'1863241632': -5, '2330725114': 0, '243351999': 1, '243641585': -47, '243749571': -47, '30503246': -2, '30624898': -23, '32564122': 36, '89127267': -10, '89173763': 1, '89173808': -13, 'cluster_1427494838_273472399': -13, 'cluster_1757124350_1757124352': -11, 'cluster_1863241547_1863241548_1976170214': -5, 'cluster_306484187_cluster_1200363791_1200363826_1200363834_1200363898_1200363927_1200363938_1200363947_1200364074_1200364103_1507566554_1507566556_255882157_306484190': 6, 'gneJ143': 0, 'gneJ207': -2, 'gneJ208': 13, 'gneJ210': -22, 'gneJ255': -26, 'gneJ257': -8}, {'1863241632': 5, '2330725114': 0, '243351999': 0, '243641585': 22, '243749571': 21, '30503246': 1, '30624898': 17, '32564122': 0, '89127267': 23, '89173763': 6, '89173808': 8, 'cluster_1427494838_273472399': 4, 'cluster_1757124350_1757124352': 6, 'cluster_1863241547_1863241548_1976170214': 4, 'cluster_306484187_cluster_1200363791_1200363826_1200363834_1200363898_1200363927_1200363938_1200363947_1200364074_1200364103_1507566554_1507566556_255882157_306484190': 1, 'gneJ143': 5, 'gneJ207': 6, 'gneJ208': 10, 'gneJ210': 7, 'gneJ255': 15, 'gneJ257': 6}, {'1863241632': 6, '2330725114': 0, '243351999': 0, '243641585': 49, '243749571': 58, '30503246': 2, '30624898': 28, '32564122': 0, '89127267': 27, '89173763': 9, '89173808': 13, 'cluster_1427494838_273472399': 13, 'cluster_1757124350_1757124352': 18, 'cluster_1863241547_1863241548_1976170214': 13, 'cluster_306484187_cluster_1200363791_1200363826_1200363834_1200363898_1200363927_1200363938_1200363947_1200364074_1200364103_1507566554_1507566556_255882157_306484190': 1, 'gneJ143': 12, 'gneJ207': 10, 'gneJ208': 18, 'gneJ210': 22, 'gneJ255': 34, 'gneJ257': 8}, 
59930.0, {'1863241632': -6, '2330725114': 0, '243351999': 1, '243641585': -47, '243749571': -47, '30503246': -2, '30624898': -23, '32564122': 35, '89127267': -10, '89173763': 1, '89173808': -13, 'cluster_1427494838_273472399': -13, 'cluster_1757124350_1757124352': -13, 'cluster_1863241547_1863241548_1976170214': -4, 'cluster_306484187_cluster_1200363791_1200363826_1200363834_1200363898_1200363927_1200363938_1200363947_1200364074_1200364103_1507566554_1507566556_255882157_306484190': 7, 'gneJ143': -1, 'gneJ207': -5, 'gneJ208': 13, 'gneJ210': -22, 'gneJ255': -26, 'gneJ257': -8}, {'1863241632': 5, '2330725114': 0, '243351999': 0, '243641585': 22, '243749571': 21, '30503246': 1, '30624898': 17, '32564122': 1, '89127267': 23, '89173763': 6, '89173808': 8, 'cluster_1427494838_273472399': 4, 'cluster_1757124350_1757124352': 9, 'cluster_1863241547_1863241548_1976170214': 4, 'cluster_306484187_cluster_1200363791_1200363826_1200363834_1200363898_1200363927_1200363938_1200363947_1200364074_1200364103_1507566554_1507566556_255882157_306484190': 1, 'gneJ143': 5, 'gneJ207': 6, 'gneJ208': 10, 'gneJ210': 7, 'gneJ255': 15, 'gneJ257': 6}, {'1863241632': 6, '2330725114': 0, '243351999': 0, '243641585': 49, '243749571': 58, '30503246': 2, '30624898': 28, '32564122': 1, '89127267': 27, '89173763': 9, '89173808': 13, 'cluster_1427494838_273472399': 13, 'cluster_1757124350_1757124352': 21, 'cluster_1863241547_1863241548_1976170214': 12, 'cluster_306484187_cluster_1200363791_1200363826_1200363834_1200363898_1200363927_1200363938_1200363947_1200364074_1200364103_1507566554_1507566556_255882157_306484190': 1, 'gneJ143': 13, 'gneJ207': 13, 'gneJ208': 18, 'gneJ210': 22, 'gneJ255': 34, 'gneJ257': 8}, 
59940.0, {'1863241632': -6, '2330725114': 0, '243351999': 0, '243641585': -47, '243749571': -47, '30503246': -2, '30624898': -23, '32564122': 30, '89127267': -10, '89173763': 0, '89173808': -13, 'cluster_1427494838_273472399': -13, 'cluster_1757124350_1757124352': -11, 'cluster_1863241547_1863241548_1976170214': -6, 'cluster_306484187_cluster_1200363791_1200363826_1200363834_1200363898_1200363927_1200363938_1200363947_1200364074_1200364103_1507566554_1507566556_255882157_306484190': 11, 'gneJ143': -3, 'gneJ207': -2, 'gneJ208': 13, 'gneJ210': -22, 'gneJ255': -25, 'gneJ257': -8}, {'1863241632': 5, '2330725114': 0, '243351999': 1, '243641585': 22, '243749571': 21, '30503246': 1, '30624898': 17, '32564122': 3, '89127267': 23, '89173763': 6, '89173808': 8, 'cluster_1427494838_273472399': 4, 'cluster_1757124350_1757124352': 9, 'cluster_1863241547_1863241548_1976170214': 6, 'cluster_306484187_cluster_1200363791_1200363826_1200363834_1200363898_1200363927_1200363938_1200363947_1200364074_1200364103_1507566554_1507566556_255882157_306484190': 1, 'gneJ143': 5, 'gneJ207': 6, 'gneJ208': 10, 'gneJ210': 7, 'gneJ255': 15, 'gneJ257': 6}, {'1863241632': 6, '2330725114': 0, '243351999': 1, '243641585': 49, '243749571': 58, '30503246': 2, '30624898': 28, '32564122': 6, '89127267': 27, '89173763': 9, '89173808': 13, 'cluster_1427494838_273472399': 13, 'cluster_1757124350_1757124352': 21, 'cluster_1863241547_1863241548_1976170214': 14, 'cluster_306484187_cluster_1200363791_1200363826_1200363834_1200363898_1200363927_1200363938_1200363947_1200364074_1200364103_1507566554_1507566556_255882157_306484190': 1, 'gneJ143': 15, 'gneJ207': 10, 'gneJ208': 18, 'gneJ210': 22, 'gneJ255': 34, 'gneJ257': 8}, 
59950.0, {'1863241632': -6, '2330725114': 0, '243351999': 0, '243641585': -47, '243749571': -47, '30503246': -2, '30624898': -23, '32564122': 28, '89127267': -10, '89173763': 0, '89173808': -13, 'cluster_1427494838_273472399': -13, 'cluster_1757124350_1757124352': -11, 'cluster_1863241547_1863241548_1976170214': -7, 'cluster_306484187_cluster_1200363791_1200363826_1200363834_1200363898_1200363927_1200363938_1200363947_1200364074_1200364103_1507566554_1507566556_255882157_306484190': 13, 'gneJ143': -3, 'gneJ207': -2, 'gneJ208': 13, 'gneJ210': -22, 'gneJ255': -25, 'gneJ257': -8}, {'1863241632': 5, '2330725114': 0, '243351999': 1, '243641585': 22, '243749571': 21, '30503246': 1, '30624898': 17, '32564122': 4, '89127267': 23, '89173763': 6, '89173808': 8, 'cluster_1427494838_273472399': 4, 'cluster_1757124350_1757124352': 9, 'cluster_1863241547_1863241548_1976170214': 6, 'cluster_306484187_cluster_1200363791_1200363826_1200363834_1200363898_1200363927_1200363938_1200363947_1200364074_1200364103_1507566554_1507566556_255882157_306484190': 1, 'gneJ143': 5, 'gneJ207': 6, 'gneJ208': 10, 'gneJ210': 7, 'gneJ255': 15, 'gneJ257': 6}, {'1863241632': 6, '2330725114': 0, '243351999': 1, '243641585': 49, '243749571': 58, '30503246': 2, '30624898': 28, '32564122': 8, '89127267': 27, '89173763': 9, '89173808': 13, 'cluster_1427494838_273472399': 13, 'cluster_1757124350_1757124352': 21, 'cluster_1863241547_1863241548_1976170214': 15, 'cluster_306484187_cluster_1200363791_1200363826_1200363834_1200363898_1200363927_1200363938_1200363947_1200364074_1200364103_1507566554_1507566556_255882157_306484190': 1, 'gneJ143': 15, 'gneJ207': 10, 'gneJ208': 18, 'gneJ210': 22, 'gneJ255': 34, 'gneJ257': 8}, 
59960.0, {'1863241632': -6, '2330725114': 0, '243351999': 0, '243641585': -47, '243749571': -47, '30503246': -2, '30624898': -23, '32564122': 27, '89127267': -10, '89173763': 0, '89173808': -7, 'cluster_1427494838_273472399': -13, 'cluster_1757124350_1757124352': -10, 'cluster_1863241547_1863241548_1976170214': -9, 'cluster_306484187_cluster_1200363791_1200363826_1200363834_1200363898_1200363927_1200363938_1200363947_1200364074_1200364103_1507566554_1507566556_255882157_306484190': 14, 'gneJ143': -4, 'gneJ207': -2, 'gneJ208': 13, 'gneJ210': -22, 'gneJ255': -25, 'gneJ257': -8}, {'1863241632': 5, '2330725114': 0, '243351999': 1, '243641585': 22, '243749571': 21, '30503246': 1, '30624898': 17, '32564122': 6, '89127267': 23, '89173763': 6, '89173808': 5, 'cluster_1427494838_273472399': 4, 'cluster_1757124350_1757124352': 9, 'cluster_1863241547_1863241548_1976170214': 6, 'cluster_306484187_cluster_1200363791_1200363826_1200363834_1200363898_1200363927_1200363938_1200363947_1200364074_1200364103_1507566554_1507566556_255882157_306484190': 1, 'gneJ143': 5, 'gneJ207': 6, 'gneJ208': 10, 'gneJ210': 7, 'gneJ255': 15, 'gneJ257': 6}, {'1863241632': 6, '2330725114': 0, '243351999': 1, '243641585': 49, '243749571': 58, '30503246': 2, '30624898': 28, '32564122': 10, '89127267': 27, '89173763': 9, '89173808': 7, 'cluster_1427494838_273472399': 13, 'cluster_1757124350_1757124352': 21, 'cluster_1863241547_1863241548_1976170214': 17, 'cluster_306484187_cluster_1200363791_1200363826_1200363834_1200363898_1200363927_1200363938_1200363947_1200364074_1200364103_1507566554_1507566556_255882157_306484190': 2, 'gneJ143': 16, 'gneJ207': 7, 'gneJ208': 18, 'gneJ210': 22, 'gneJ255': 34, 'gneJ257': 8}, 
59970.0, {'1863241632': -6, '2330725114': 0, '243351999': 0, '243641585': -47, '243749571': -47, '30503246': -2, '30624898': -23, '32564122': 23, '89127267': -10, '89173763': 0, '89173808': -10, 'cluster_1427494838_273472399': -13, 'cluster_1757124350_1757124352': -10, 'cluster_1863241547_1863241548_1976170214': -13, 'cluster_306484187_cluster_1200363791_1200363826_1200363834_1200363898_1200363927_1200363938_1200363947_1200364074_1200364103_1507566554_1507566556_255882157_306484190': 16, 'gneJ143': -4, 'gneJ207': -2, 'gneJ208': 13, 'gneJ210': -22, 'gneJ255': -23, 'gneJ257': -8}, {'1863241632': 5, '2330725114': 0, '243351999': 1, '243641585': 22, '243749571': 21, '30503246': 1, '30624898': 17, '32564122': 8, '89127267': 23, '89173763': 6, '89173808': 5, 'cluster_1427494838_273472399': 4, 'cluster_1757124350_1757124352': 9, 'cluster_1863241547_1863241548_1976170214': 6, 'cluster_306484187_cluster_1200363791_1200363826_1200363834_1200363898_1200363927_1200363938_1200363947_1200364074_1200364103_1507566554_1507566556_255882157_306484190': 1, 'gneJ143': 5, 'gneJ207': 6, 'gneJ208': 10, 'gneJ210': 7, 'gneJ255': 15, 'gneJ257': 6}, {'1863241632': 6, '2330725114': 0, '243351999': 1, '243641585': 49, '243749571': 58, '30503246': 2, '30624898': 28, '32564122': 14, '89127267': 27, '89173763': 9, '89173808': 10, 'cluster_1427494838_273472399': 13, 'cluster_1757124350_1757124352': 21, 'cluster_1863241547_1863241548_1976170214': 21, 'cluster_306484187_cluster_1200363791_1200363826_1200363834_1200363898_1200363927_1200363938_1200363947_1200364074_1200364103_1507566554_1507566556_255882157_306484190': 2, 'gneJ143': 16, 'gneJ207': 7, 'gneJ208': 18, 'gneJ210': 22, 'gneJ255': 34, 'gneJ257': 8}, 
59980.0, {'1863241632': -6, '2330725114': 0, '243351999': 0, '243641585': -47, '243749571': -47, '30503246': -2, '30624898': -23, '32564122': 22, '89127267': -10, '89173763': 0, '89173808': -13, 'cluster_1427494838_273472399': -13, 'cluster_1757124350_1757124352': -10, 'cluster_1863241547_1863241548_1976170214': -13, 'cluster_306484187_cluster_1200363791_1200363826_1200363834_1200363898_1200363927_1200363938_1200363947_1200364074_1200364103_1507566554_1507566556_255882157_306484190': 16, 'gneJ143': -4, 'gneJ207': 1, 'gneJ208': 13, 'gneJ210': -22, 'gneJ255': -22, 'gneJ257': -8}, {'1863241632': 5, '2330725114': 0, '243351999': 1, '243641585': 22, '243749571': 21, '30503246': 1, '30624898': 17, '32564122': 8, '89127267': 23, '89173763': 6, '89173808': 8, 'cluster_1427494838_273472399': 4, 'cluster_1757124350_1757124352': 9, 'cluster_1863241547_1863241548_1976170214': 6, 'cluster_306484187_cluster_1200363791_1200363826_1200363834_1200363898_1200363927_1200363938_1200363947_1200364074_1200364103_1507566554_1507566556_255882157_306484190': 1, 'gneJ143': 5, 'gneJ207': 6, 'gneJ208': 10, 'gneJ210': 7, 'gneJ255': 15, 'gneJ257': 6}, {'1863241632': 6, '2330725114': 0, '243351999': 1, '243641585': 49, '243749571': 58, '30503246': 2, '30624898': 28, '32564122': 15, '89127267': 27, '89173763': 9, '89173808': 13, 'cluster_1427494838_273472399': 13, 'cluster_1757124350_1757124352': 21, 'cluster_1863241547_1863241548_1976170214': 21, 'cluster_306484187_cluster_1200363791_1200363826_1200363834_1200363898_1200363927_1200363938_1200363947_1200364074_1200364103_1507566554_1507566556_255882157_306484190': 2, 'gneJ143': 16, 'gneJ207': 7, 'gneJ208': 18, 'gneJ210': 22, 'gneJ255': 34, 'gneJ257': 8}, 
59990.0, {'1863241632': -6, '2330725114': 0, '243351999': 1, '243641585': -47, '243749571': -47, '30503246': -2, '30624898': -23, '32564122': 30, '89127267': -10, '89173763': 0, '89173808': -13, 'cluster_1427494838_273472399': -13, 'cluster_1757124350_1757124352': -10, 'cluster_1863241547_1863241548_1976170214': -14, 'cluster_306484187_cluster_1200363791_1200363826_1200363834_1200363898_1200363927_1200363938_1200363947_1200364074_1200364103_1507566554_1507566556_255882157_306484190': 13, 'gneJ143': -4, 'gneJ207': 0, 'gneJ208': 13, 'gneJ210': -22, 'gneJ255': -26, 'gneJ257': -8}, {'1863241632': 5, '2330725114': 0, '243351999': 1, '243641585': 22, '243749571': 21, '30503246': 1, '30624898': 17, '32564122': 7, '89127267': 23, '89173763': 6, '89173808': 8, 'cluster_1427494838_273472399': 4, 'cluster_1757124350_1757124352': 9, 'cluster_1863241547_1863241548_1976170214': 6, 'cluster_306484187_cluster_1200363791_1200363826_1200363834_1200363898_1200363927_1200363938_1200363947_1200364074_1200364103_1507566554_1507566556_255882157_306484190': 1, 'gneJ143': 5, 'gneJ207': 6, 'gneJ208': 10, 'gneJ210': 7, 'gneJ255': 15, 'gneJ257': 6}, {'1863241632': 6, '2330725114': 0, '243351999': 1, '243641585': 49, '243749571': 58, '30503246': 2, '30624898': 28, '32564122': 7, '89127267': 27, '89173763': 10, '89173808': 13, 'cluster_1427494838_273472399': 13, 'cluster_1757124350_1757124352': 21, 'cluster_1863241547_1863241548_1976170214': 22, 'cluster_306484187_cluster_1200363791_1200363826_1200363834_1200363898_1200363927_1200363938_1200363947_1200364074_1200364103_1507566554_1507566556_255882157_306484190': 2, 'gneJ143': 16, 'gneJ207': 8, 'gneJ208': 18, 'gneJ210': 22, 'gneJ255': 34, 'gneJ257': 8}, 
60000.0, {'1863241632': -6, '2330725114': 0, '243351999': 2, '243641585': -47, '243749571': -47, '30503246': -2, '30624898': -23, '32564122': 33, '89127267': -10, '89173763': -1, '89173808': -13, 'cluster_1427494838_273472399': -13, 'cluster_1757124350_1757124352': -10, 'cluster_1863241547_1863241548_1976170214': -15, 'cluster_306484187_cluster_1200363791_1200363826_1200363834_1200363898_1200363927_1200363938_1200363947_1200364074_1200364103_1507566554_1507566556_255882157_306484190': 12, 'gneJ143': -4, 'gneJ207': -2, 'gneJ208': 13, 'gneJ210': -22, 'gneJ255': -26, 'gneJ257': -8}, {'1863241632': 5, '2330725114': 0, '243351999': 0, '243641585': 22, '243749571': 21, '30503246': 1, '30624898': 17, '32564122': 4, '89127267': 23, '89173763': 6, '89173808': 8, 'cluster_1427494838_273472399': 4, 'cluster_1757124350_1757124352': 9, 'cluster_1863241547_1863241548_1976170214': 6, 'cluster_306484187_cluster_1200363791_1200363826_1200363834_1200363898_1200363927_1200363938_1200363947_1200364074_1200364103_1507566554_1507566556_255882157_306484190': 1, 'gneJ143': 5, 'gneJ207': 6, 'gneJ208': 10, 'gneJ210': 7, 'gneJ255': 15, 'gneJ257': 6}, {'1863241632': 6, '2330725114': 0, '243351999': 0, '243641585': 49, '243749571': 58, '30503246': 2, '30624898': 28, '32564122': 4, '89127267': 27, '89173763': 10, '89173808': 13, 'cluster_1427494838_273472399': 13, 'cluster_1757124350_1757124352': 21, 'cluster_1863241547_1863241548_1976170214': 23, 'cluster_306484187_cluster_1200363791_1200363826_1200363834_1200363898_1200363927_1200363938_1200363947_1200364074_1200364103_1507566554_1507566556_255882157_306484190': 2, 'gneJ143': 16, 'gneJ207': 10, 'gneJ208': 18, 'gneJ210': 22, 'gneJ255': 34, 'gneJ257': 8}, 
60010.0, {'1863241632': -6, '2330725114': 0, '243351999': 1, '243641585': -47, '243749571': -47, '30503246': -2, '30624898': -23, '32564122': 36, '89127267': -10, '89173763': 0, '89173808': -13, 'cluster_1427494838_273472399': -13, 'cluster_1757124350_1757124352': -10, 'cluster_1863241547_1863241548_1976170214': -15, 'cluster_306484187_cluster_1200363791_1200363826_1200363834_1200363898_1200363927_1200363938_1200363947_1200364074_1200364103_1507566554_1507566556_255882157_306484190': 10, 'gneJ143': -4, 'gneJ207': -3, 'gneJ208': 13, 'gneJ210': -22, 'gneJ255': -26, 'gneJ257': -8}, {'1863241632': 5, '2330725114': 0, '243351999': 1, '243641585': 22, '243749571': 21, '30503246': 1, '30624898': 17, '32564122': 0, '89127267': 23, '89173763': 6, '89173808': 8, 'cluster_1427494838_273472399': 4, 'cluster_1757124350_1757124352': 9, 'cluster_1863241547_1863241548_1976170214': 6, 'cluster_306484187_cluster_1200363791_1200363826_1200363834_1200363898_1200363927_1200363938_1200363947_1200364074_1200364103_1507566554_1507566556_255882157_306484190': 1, 'gneJ143': 5, 'gneJ207': 6, 'gneJ208': 10, 'gneJ210': 7, 'gneJ255': 15, 'gneJ257': 6}, {'1863241632': 6, '2330725114': 0, '243351999': 1, '243641585': 49, '243749571': 58, '30503246': 2, '30624898': 28, '32564122': 0, '89127267': 27, '89173763': 10, '89173808': 13, 'cluster_1427494838_273472399': 13, 'cluster_1757124350_1757124352': 21, 'cluster_1863241547_1863241548_1976170214': 23, 'cluster_306484187_cluster_1200363791_1200363826_1200363834_1200363898_1200363927_1200363938_1200363947_1200364074_1200364103_1507566554_1507566556_255882157_306484190': 1, 'gneJ143': 16, 'gneJ207': 11, 'gneJ208': 18, 'gneJ210': 22, 'gneJ255': 34, 'gneJ257': 8}, 
60020.0, {'1863241632': -6, '2330725114': 0, '243351999': 1, '243641585': -47, '243749571': -47, '30503246': -2, '30624898': -23, '32564122': 37, '89127267': -10, '89173763': 0, '89173808': -13, 'cluster_1427494838_273472399': -13, 'cluster_1757124350_1757124352': -10, 'cluster_1863241547_1863241548_1976170214': -15, 'cluster_306484187_cluster_1200363791_1200363826_1200363834_1200363898_1200363927_1200363938_1200363947_1200364074_1200364103_1507566554_1507566556_255882157_306484190': 9, 'gneJ143': -4, 'gneJ207': -4, 'gneJ208': 13, 'gneJ210': -22, 'gneJ255': -26, 'gneJ257': -7}, {'1863241632': 5, '2330725114': 0, '243351999': 1, '243641585': 22, '243749571': 21, '30503246': 1, '30624898': 17, '32564122': 1, '89127267': 23, '89173763': 6, '89173808': 8, 'cluster_1427494838_273472399': 4, 'cluster_1757124350_1757124352': 9, 'cluster_1863241547_1863241548_1976170214': 6, 'cluster_306484187_cluster_1200363791_1200363826_1200363834_1200363898_1200363927_1200363938_1200363947_1200364074_1200364103_1507566554_1507566556_255882157_306484190': 2, 'gneJ143': 5, 'gneJ207': 7, 'gneJ208': 10, 'gneJ210': 7, 'gneJ255': 15, 'gneJ257': 6}, {'1863241632': 6, '2330725114': 0, '243351999': 1, '243641585': 49, '243749571': 58, '30503246': 2, '30624898': 28, '32564122': 1, '89127267': 27, '89173763': 10, '89173808': 13, 'cluster_1427494838_273472399': 13, 'cluster_1757124350_1757124352': 21, 'cluster_1863241547_1863241548_1976170214': 23, 'cluster_306484187_cluster_1200363791_1200363826_1200363834_1200363898_1200363927_1200363938_1200363947_1200364074_1200364103_1507566554_1507566556_255882157_306484190': 3, 'gneJ143': 16, 'gneJ207': 12, 'gneJ208': 18, 'gneJ210': 22, 'gneJ255': 34, 'gneJ257': 8}, 
60030.0, {'1863241632': -6, '2330725114': 0, '243351999': 2, '243641585': -47, '243749571': -47, '30503246': -2, '30624898': -23, '32564122': 37, '89127267': -10, '89173763': -1, '89173808': -13, 'cluster_1427494838_273472399': -13, 'cluster_1757124350_1757124352': -10, 'cluster_1863241547_1863241548_1976170214': -17, 'cluster_306484187_cluster_1200363791_1200363826_1200363834_1200363898_1200363927_1200363938_1200363947_1200364074_1200364103_1507566554_1507566556_255882157_306484190': 9, 'gneJ143': -4, 'gneJ207': -4, 'gneJ208': 13, 'gneJ210': -22, 'gneJ255': -26, 'gneJ257': -7}, {'1863241632': 5, '2330725114': 0, '243351999': 1, '243641585': 22, '243749571': 21, '30503246': 1, '30624898': 17, '32564122': 1, '89127267': 23, '89173763': 6, '89173808': 8, 'cluster_1427494838_273472399': 4, 'cluster_1757124350_1757124352': 9, 'cluster_1863241547_1863241548_1976170214': 6, 'cluster_306484187_cluster_1200363791_1200363826_1200363834_1200363898_1200363927_1200363938_1200363947_1200364074_1200364103_1507566554_1507566556_255882157_306484190': 2, 'gneJ143': 5, 'gneJ207': 7, 'gneJ208': 10, 'gneJ210': 7, 'gneJ255': 15, 'gneJ257': 6}, {'1863241632': 6, '2330725114': 0, '243351999': 1, '243641585': 49, '243749571': 58, '30503246': 2, '30624898': 28, '32564122': 1, '89127267': 27, '89173763': 11, '89173808': 13, 'cluster_1427494838_273472399': 13, 'cluster_1757124350_1757124352': 21, 'cluster_1863241547_1863241548_1976170214': 25, 'cluster_306484187_cluster_1200363791_1200363826_1200363834_1200363898_1200363927_1200363938_1200363947_1200364074_1200364103_1507566554_1507566556_255882157_306484190': 3, 'gneJ143': 16, 'gneJ207': 12, 'gneJ208': 18, 'gneJ210': 22, 'gneJ255': 34, 'gneJ257': 8}, 
60040.0, {'1863241632': -6, '2330725114': 0, '243351999': 2, '243641585': -47, '243749571': -47, '30503246': -2, '30624898': -23, '32564122': 36, '89127267': -10, '89173763': -2, '89173808': -13, 'cluster_1427494838_273472399': -13, 'cluster_1757124350_1757124352': -10, 'cluster_1863241547_1863241548_1976170214': -17, 'cluster_306484187_cluster_1200363791_1200363826_1200363834_1200363898_1200363927_1200363938_1200363947_1200364074_1200364103_1507566554_1507566556_255882157_306484190': 9, 'gneJ143': -4, 'gneJ207': -4, 'gneJ208': 13, 'gneJ210': -22, 'gneJ255': -26, 'gneJ257': -6}, {'1863241632': 5, '2330725114': 0, '243351999': 1, '243641585': 22, '243749571': 21, '30503246': 1, '30624898': 17, '32564122': 1, '89127267': 23, '89173763': 6, '89173808': 8, 'cluster_1427494838_273472399': 4, 'cluster_1757124350_1757124352': 9, 'cluster_1863241547_1863241548_1976170214': 6, 'cluster_306484187_cluster_1200363791_1200363826_1200363834_1200363898_1200363927_1200363938_1200363947_1200364074_1200364103_1507566554_1507566556_255882157_306484190': 2, 'gneJ143': 5, 'gneJ207': 7, 'gneJ208': 10, 'gneJ210': 7, 'gneJ255': 15, 'gneJ257': 6}, {'1863241632': 6, '2330725114': 0, '243351999': 1, '243641585': 49, '243749571': 58, '30503246': 2, '30624898': 28, '32564122': 2, '89127267': 27, '89173763': 12, '89173808': 13, 'cluster_1427494838_273472399': 13, 'cluster_1757124350_1757124352': 21, 'cluster_1863241547_1863241548_1976170214': 25, 'cluster_306484187_cluster_1200363791_1200363826_1200363834_1200363898_1200363927_1200363938_1200363947_1200364074_1200364103_1507566554_1507566556_255882157_306484190': 3, 'gneJ143': 16, 'gneJ207': 12, 'gneJ208': 18, 'gneJ210': 22, 'gneJ255': 34, 'gneJ257': 8}, 
60050.0, {'1863241632': -5, '2330725114': 0, '243351999': 0, '243641585': -47, '243749571': -47, '30503246': -2, '30624898': -23, '32564122': 34, '89127267': -10, '89173763': 1, '89173808': -13, 'cluster_1427494838_273472399': -13, 'cluster_1757124350_1757124352': -10, 'cluster_1863241547_1863241548_1976170214': -18, 'cluster_306484187_cluster_1200363791_1200363826_1200363834_1200363898_1200363927_1200363938_1200363947_1200364074_1200364103_1507566554_1507566556_255882157_306484190': 12, 'gneJ143': -4, 'gneJ207': -5, 'gneJ208': 13, 'gneJ210': -22, 'gneJ255': -26, 'gneJ257': -6}, {'1863241632': 5, '2330725114': 0, '243351999': 1, '243641585': 22, '243749571': 21, '30503246': 1, '30624898': 17, '32564122': 1, '89127267': 23, '89173763': 6, '89173808': 8, 'cluster_1427494838_273472399': 4, 'cluster_1757124350_1757124352': 9, 'cluster_1863241547_1863241548_1976170214': 6, 'cluster_306484187_cluster_1200363791_1200363826_1200363834_1200363898_1200363927_1200363938_1200363947_1200364074_1200364103_1507566554_1507566556_255882157_306484190': 1, 'gneJ143': 5, 'gneJ207': 7, 'gneJ208': 10, 'gneJ210': 7, 'gneJ255': 15, 'gneJ257': 6}, {'1863241632': 6, '2330725114': 0, '243351999': 1, '243641585': 49, '243749571': 58, '30503246': 2, '30624898': 28, '32564122': 2, '89127267': 27, '89173763': 9, '89173808': 13, 'cluster_1427494838_273472399': 13, 'cluster_1757124350_1757124352': 21, 'cluster_1863241547_1863241548_1976170214': 26, 'cluster_306484187_cluster_1200363791_1200363826_1200363834_1200363898_1200363927_1200363938_1200363947_1200364074_1200364103_1507566554_1507566556_255882157_306484190': 1, 'gneJ143': 16, 'gneJ207': 13, 'gneJ208': 18, 'gneJ210': 22, 'gneJ255': 34, 'gneJ257': 8}, 
60060.0, {'1863241632': -5, '2330725114': 0, '243351999': 1, '243641585': -47, '243749571': -47, '30503246': -2, '30624898': -23, '32564122': 34, '89127267': -10, '89173763': 0, '89173808': -13, 'cluster_1427494838_273472399': -13, 'cluster_1757124350_1757124352': -10, 'cluster_1863241547_1863241548_1976170214': -18, 'cluster_306484187_cluster_1200363791_1200363826_1200363834_1200363898_1200363927_1200363938_1200363947_1200364074_1200364103_1507566554_1507566556_255882157_306484190': 12, 'gneJ143': -4, 'gneJ207': -5, 'gneJ208': 13, 'gneJ210': -22, 'gneJ255': -26, 'gneJ257': -6}, {'1863241632': 5, '2330725114': 0, '243351999': 0, '243641585': 22, '243749571': 21, '30503246': 1, '30624898': 17, '32564122': 1, '89127267': 23, '89173763': 6, '89173808': 8, 'cluster_1427494838_273472399': 4, 'cluster_1757124350_1757124352': 9, 'cluster_1863241547_1863241548_1976170214': 6, 'cluster_306484187_cluster_1200363791_1200363826_1200363834_1200363898_1200363927_1200363938_1200363947_1200364074_1200364103_1507566554_1507566556_255882157_306484190': 1, 'gneJ143': 5, 'gneJ207': 7, 'gneJ208': 10, 'gneJ210': 7, 'gneJ255': 15, 'gneJ257': 6}, {'1863241632': 6, '2330725114': 0, '243351999': 0, '243641585': 49, '243749571': 58, '30503246': 2, '30624898': 28, '32564122': 2, '89127267': 27, '89173763': 9, '89173808': 13, 'cluster_1427494838_273472399': 13, 'cluster_1757124350_1757124352': 21, 'cluster_1863241547_1863241548_1976170214': 26, 'cluster_306484187_cluster_1200363791_1200363826_1200363834_1200363898_1200363927_1200363938_1200363947_1200364074_1200364103_1507566554_1507566556_255882157_306484190': 1, 'gneJ143': 16, 'gneJ207': 13, 'gneJ208': 18, 'gneJ210': 22, 'gneJ255': 34, 'gneJ257': 8}, 
60070.0, {'1863241632': -5, '2330725114': 0, '243351999': 0, '243641585': -47, '243749571': -47, '30503246': -2, '30624898': -23, '32564122': 34, '89127267': -10, '89173763': -1, '89173808': -13, 'cluster_1427494838_273472399': -13, 'cluster_1757124350_1757124352': -10, 'cluster_1863241547_1863241548_1976170214': -19, 'cluster_306484187_cluster_1200363791_1200363826_1200363834_1200363898_1200363927_1200363938_1200363947_1200364074_1200364103_1507566554_1507566556_255882157_306484190': 13, 'gneJ143': -4, 'gneJ207': -5, 'gneJ208': 13, 'gneJ210': -22, 'gneJ255': -26, 'gneJ257': -6}, {'1863241632': 5, '2330725114': 0, '243351999': 1, '243641585': 22, '243749571': 21, '30503246': 1, '30624898': 17, '32564122': 1, '89127267': 23, '89173763': 6, '89173808': 8, 'cluster_1427494838_273472399': 4, 'cluster_1757124350_1757124352': 9, 'cluster_1863241547_1863241548_1976170214': 6, 'cluster_306484187_cluster_1200363791_1200363826_1200363834_1200363898_1200363927_1200363938_1200363947_1200364074_1200364103_1507566554_1507566556_255882157_306484190': 0, 'gneJ143': 5, 'gneJ207': 7, 'gneJ208': 10, 'gneJ210': 7, 'gneJ255': 15, 'gneJ257': 6}, {'1863241632': 6, '2330725114': 0, '243351999': 1, '243641585': 49, '243749571': 58, '30503246': 2, '30624898': 28, '32564122': 2, '89127267': 27, '89173763': 10, '89173808': 13, 'cluster_1427494838_273472399': 13, 'cluster_1757124350_1757124352': 21, 'cluster_1863241547_1863241548_1976170214': 27, 'cluster_306484187_cluster_1200363791_1200363826_1200363834_1200363898_1200363927_1200363938_1200363947_1200364074_1200364103_1507566554_1507566556_255882157_306484190': 0, 'gneJ143': 16, 'gneJ207': 13, 'gneJ208': 18, 'gneJ210': 22, 'gneJ255': 34, 'gneJ257': 8}, 
60080.0, {'1863241632': -5, '2330725114': 0, '243351999': 0, '243641585': -47, '243749571': -47, '30503246': -2, '30624898': -23, '32564122': 34, '89127267': -10, '89173763': -1, '89173808': -13, 'cluster_1427494838_273472399': -13, 'cluster_1757124350_1757124352': -10, 'cluster_1863241547_1863241548_1976170214': -19, 'cluster_306484187_cluster_1200363791_1200363826_1200363834_1200363898_1200363927_1200363938_1200363947_1200364074_1200364103_1507566554_1507566556_255882157_306484190': 13, 'gneJ143': -4, 'gneJ207': -5, 'gneJ208': 13, 'gneJ210': -22, 'gneJ255': -26, 'gneJ257': -6}, {'1863241632': 5, '2330725114': 0, '243351999': 1, '243641585': 22, '243749571': 21, '30503246': 1, '30624898': 17, '32564122': 1, '89127267': 23, '89173763': 6, '89173808': 8, 'cluster_1427494838_273472399': 4, 'cluster_1757124350_1757124352': 9, 'cluster_1863241547_1863241548_1976170214': 6, 'cluster_306484187_cluster_1200363791_1200363826_1200363834_1200363898_1200363927_1200363938_1200363947_1200364074_1200364103_1507566554_1507566556_255882157_306484190': 0, 'gneJ143': 5, 'gneJ207': 7, 'gneJ208': 10, 'gneJ210': 7, 'gneJ255': 15, 'gneJ257': 6}, {'1863241632': 6, '2330725114': 0, '243351999': 1, '243641585': 49, '243749571': 58, '30503246': 2, '30624898': 28, '32564122': 2, '89127267': 27, '89173763': 10, '89173808': 13, 'cluster_1427494838_273472399': 13, 'cluster_1757124350_1757124352': 21, 'cluster_1863241547_1863241548_1976170214': 27, 'cluster_306484187_cluster_1200363791_1200363826_1200363834_1200363898_1200363927_1200363938_1200363947_1200364074_1200364103_1507566554_1507566556_255882157_306484190': 0, 'gneJ143': 16, 'gneJ207': 13, 'gneJ208': 18, 'gneJ210': 22, 'gneJ255': 34, 'gneJ257': 8}, 
60090.0, {'1863241632': -5, '2330725114': 0, '243351999': -1, '243641585': -47, '243749571': -47, '30503246': -2, '30624898': -23, '32564122': 35, '89127267': -10, '89173763': -2, '89173808': -7, 'cluster_1427494838_273472399': -13, 'cluster_1757124350_1757124352': -10, 'cluster_1863241547_1863241548_1976170214': -20, 'cluster_306484187_cluster_1200363791_1200363826_1200363834_1200363898_1200363927_1200363938_1200363947_1200364074_1200364103_1507566554_1507566556_255882157_306484190': 12, 'gneJ143': -4, 'gneJ207': -8, 'gneJ208': 13, 'gneJ210': -22, 'gneJ255': -26, 'gneJ257': -6}, {'1863241632': 5, '2330725114': 0, '243351999': 2, '243641585': 22, '243749571': 21, '30503246': 1, '30624898': 17, '32564122': 1, '89127267': 23, '89173763': 6, '89173808': 5, 'cluster_1427494838_273472399': 4, 'cluster_1757124350_1757124352': 9, 'cluster_1863241547_1863241548_1976170214': 6, 'cluster_306484187_cluster_1200363791_1200363826_1200363834_1200363898_1200363927_1200363938_1200363947_1200364074_1200364103_1507566554_1507566556_255882157_306484190': 1, 'gneJ143': 5, 'gneJ207': 7, 'gneJ208': 10, 'gneJ210': 7, 'gneJ255': 15, 'gneJ257': 6}, {'1863241632': 6, '2330725114': 0, '243351999': 2, '243641585': 49, '243749571': 58, '30503246': 2, '30624898': 28, '32564122': 2, '89127267': 27, '89173763': 12, '89173808': 7, 'cluster_1427494838_273472399': 13, 'cluster_1757124350_1757124352': 21, 'cluster_1863241547_1863241548_1976170214': 28, 'cluster_306484187_cluster_1200363791_1200363826_1200363834_1200363898_1200363927_1200363938_1200363947_1200364074_1200364103_1507566554_1507566556_255882157_306484190': 1, 'gneJ143': 16, 'gneJ207': 13, 'gneJ208': 18, 'gneJ210': 22, 'gneJ255': 34, 'gneJ257': 8}, 
60100.0, {'1863241632': -5, '2330725114': 0, '243351999': 0, '243641585': -47, '243749571': -47, '30503246': -2, '30624898': -23, '32564122': 35, '89127267': -10, '89173763': -3, '89173808': -9, 'cluster_1427494838_273472399': -13, 'cluster_1757124350_1757124352': -10, 'cluster_1863241547_1863241548_1976170214': -21, 'cluster_306484187_cluster_1200363791_1200363826_1200363834_1200363898_1200363927_1200363938_1200363947_1200364074_1200364103_1507566554_1507566556_255882157_306484190': 12, 'gneJ143': -4, 'gneJ207': -8, 'gneJ208': 13, 'gneJ210': -22, 'gneJ255': -26, 'gneJ257': -6}, {'1863241632': 5, '2330725114': 0, '243351999': 2, '243641585': 22, '243749571': 21, '30503246': 1, '30624898': 17, '32564122': 1, '89127267': 23, '89173763': 6, '89173808': 5, 'cluster_1427494838_273472399': 4, 'cluster_1757124350_1757124352': 9, 'cluster_1863241547_1863241548_1976170214': 6, 'cluster_306484187_cluster_1200363791_1200363826_1200363834_1200363898_1200363927_1200363938_1200363947_1200364074_1200364103_1507566554_1507566556_255882157_306484190': 1, 'gneJ143': 5, 'gneJ207': 7, 'gneJ208': 10, 'gneJ210': 7, 'gneJ255': 15, 'gneJ257': 6}, {'1863241632': 6, '2330725114': 0, '243351999': 2, '243641585': 49, '243749571': 58, '30503246': 2, '30624898': 28, '32564122': 2, '89127267': 27, '89173763': 13, '89173808': 9, 'cluster_1427494838_273472399': 13, 'cluster_1757124350_1757124352': 21, 'cluster_1863241547_1863241548_1976170214': 29, 'cluster_306484187_cluster_1200363791_1200363826_1200363834_1200363898_1200363927_1200363938_1200363947_1200364074_1200364103_1507566554_1507566556_255882157_306484190': 1, 'gneJ143': 16, 'gneJ207': 13, 'gneJ208': 18, 'gneJ210': 22, 'gneJ255': 34, 'gneJ257': 8}, 
60110.0, {'1863241632': -5, '2330725114': 0, '243351999': 2, '243641585': -47, '243749571': -47, '30503246': -2, '30624898': -23, '32564122': 35, '89127267': -10, '89173763': -3, '89173808': -11, 'cluster_1427494838_273472399': -13, 'cluster_1757124350_1757124352': -10, 'cluster_1863241547_1863241548_1976170214': -23, 'cluster_306484187_cluster_1200363791_1200363826_1200363834_1200363898_1200363927_1200363938_1200363947_1200364074_1200364103_1507566554_1507566556_255882157_306484190': 12, 'gneJ143': -4, 'gneJ207': -7, 'gneJ208': 13, 'gneJ210': -22, 'gneJ255': -26, 'gneJ257': -6}, {'1863241632': 5, '2330725114': 0, '243351999': 0, '243641585': 22, '243749571': 21, '30503246': 1, '30624898': 17, '32564122': 1, '89127267': 23, '89173763': 6, '89173808': 6, 'cluster_1427494838_273472399': 4, 'cluster_1757124350_1757124352': 9, 'cluster_1863241547_1863241548_1976170214': 6, 'cluster_306484187_cluster_1200363791_1200363826_1200363834_1200363898_1200363927_1200363938_1200363947_1200364074_1200364103_1507566554_1507566556_255882157_306484190': 1, 'gneJ143': 5, 'gneJ207': 7, 'gneJ208': 10, 'gneJ210': 7, 'gneJ255': 15, 'gneJ257': 6}, {'1863241632': 6, '2330725114': 0, '243351999': 0, '243641585': 49, '243749571': 58, '30503246': 2, '30624898': 28, '32564122': 2, '89127267': 27, '89173763': 13, '89173808': 11, 'cluster_1427494838_273472399': 13, 'cluster_1757124350_1757124352': 21, 'cluster_1863241547_1863241548_1976170214': 31, 'cluster_306484187_cluster_1200363791_1200363826_1200363834_1200363898_1200363927_1200363938_1200363947_1200364074_1200364103_1507566554_1507566556_255882157_306484190': 1, 'gneJ143': 16, 'gneJ207': 13, 'gneJ208': 18, 'gneJ210': 22, 'gneJ255': 34, 'gneJ257': 8}, 
60120.0, {'1863241632': -5, '2330725114': 0, '243351999': 1, '243641585': -47, '243749571': -47, '30503246': -2, '30624898': -23, '32564122': 35, '89127267': -10, '89173763': -2, '89173808': -11, 'cluster_1427494838_273472399': -13, 'cluster_1757124350_1757124352': -10, 'cluster_1863241547_1863241548_1976170214': -23, 'cluster_306484187_cluster_1200363791_1200363826_1200363834_1200363898_1200363927_1200363938_1200363947_1200364074_1200364103_1507566554_1507566556_255882157_306484190': 12, 'gneJ143': -4, 'gneJ207': -7, 'gneJ208': 13, 'gneJ210': -22, 'gneJ255': -26, 'gneJ257': -6}, {'1863241632': 5, '2330725114': 0, '243351999': 1, '243641585': 22, '243749571': 21, '30503246': 1, '30624898': 17, '32564122': 1, '89127267': 23, '89173763': 6, '89173808': 6, 'cluster_1427494838_273472399': 4, 'cluster_1757124350_1757124352': 9, 'cluster_1863241547_1863241548_1976170214': 6, 'cluster_306484187_cluster_1200363791_1200363826_1200363834_1200363898_1200363927_1200363938_1200363947_1200364074_1200364103_1507566554_1507566556_255882157_306484190': 1, 'gneJ143': 5, 'gneJ207': 7, 'gneJ208': 10, 'gneJ210': 7, 'gneJ255': 15, 'gneJ257': 6}, {'1863241632': 6, '2330725114': 0, '243351999': 1, '243641585': 49, '243749571': 58, '30503246': 2, '30624898': 28, '32564122': 2, '89127267': 27, '89173763': 13, '89173808': 11, 'cluster_1427494838_273472399': 13, 'cluster_1757124350_1757124352': 21, 'cluster_1863241547_1863241548_1976170214': 31, 'cluster_306484187_cluster_1200363791_1200363826_1200363834_1200363898_1200363927_1200363938_1200363947_1200364074_1200364103_1507566554_1507566556_255882157_306484190': 1, 'gneJ143': 16, 'gneJ207': 13, 'gneJ208': 18, 'gneJ210': 22, 'gneJ255': 34, 'gneJ257': 8}, 
60130.0, {'1863241632': -5, '2330725114': 0, '243351999': 2, '243641585': -47, '243749571': -47, '30503246': -2, '30624898': -23, '32564122': 35, '89127267': -10, '89173763': -5, '89173808': -11, 'cluster_1427494838_273472399': -13, 'cluster_1757124350_1757124352': -10, 'cluster_1863241547_1863241548_1976170214': -23, 'cluster_306484187_cluster_1200363791_1200363826_1200363834_1200363898_1200363927_1200363938_1200363947_1200364074_1200364103_1507566554_1507566556_255882157_306484190': 12, 'gneJ143': -4, 'gneJ207': -7, 'gneJ208': 13, 'gneJ210': -22, 'gneJ255': -26, 'gneJ257': -6}, {'1863241632': 5, '2330725114': 0, '243351999': 1, '243641585': 22, '243749571': 21, '30503246': 1, '30624898': 17, '32564122': 1, '89127267': 23, '89173763': 6, '89173808': 6, 'cluster_1427494838_273472399': 4, 'cluster_1757124350_1757124352': 9, 'cluster_1863241547_1863241548_1976170214': 6, 'cluster_306484187_cluster_1200363791_1200363826_1200363834_1200363898_1200363927_1200363938_1200363947_1200364074_1200364103_1507566554_1507566556_255882157_306484190': 1, 'gneJ143': 5, 'gneJ207': 7, 'gneJ208': 10, 'gneJ210': 7, 'gneJ255': 15, 'gneJ257': 6}, {'1863241632': 6, '2330725114': 0, '243351999': 1, '243641585': 49, '243749571': 58, '30503246': 2, '30624898': 28, '32564122': 2, '89127267': 27, '89173763': 16, '89173808': 11, 'cluster_1427494838_273472399': 13, 'cluster_1757124350_1757124352': 21, 'cluster_1863241547_1863241548_1976170214': 31, 'cluster_306484187_cluster_1200363791_1200363826_1200363834_1200363898_1200363927_1200363938_1200363947_1200364074_1200364103_1507566554_1507566556_255882157_306484190': 1, 'gneJ143': 16, 'gneJ207': 13, 'gneJ208': 18, 'gneJ210': 22, 'gneJ255': 34, 'gneJ257': 8}, 
60140.0, {'1863241632': -5, '2330725114': 0, '243351999': 3, '243641585': -47, '243749571': -47, '30503246': -2, '30624898': -23, '32564122': 35, '89127267': -10, '89173763': -6, '89173808': -10, 'cluster_1427494838_273472399': -13, 'cluster_1757124350_1757124352': -10, 'cluster_1863241547_1863241548_1976170214': -23, 'cluster_306484187_cluster_1200363791_1200363826_1200363834_1200363898_1200363927_1200363938_1200363947_1200364074_1200364103_1507566554_1507566556_255882157_306484190': 12, 'gneJ143': -4, 'gneJ207': -8, 'gneJ208': 13, 'gneJ210': -22, 'gneJ255': -26, 'gneJ257': -6}, {'1863241632': 5, '2330725114': 0, '243351999': 1, '243641585': 22, '243749571': 21, '30503246': 1, '30624898': 17, '32564122': 1, '89127267': 23, '89173763': 6, '89173808': 6, 'cluster_1427494838_273472399': 4, 'cluster_1757124350_1757124352': 9, 'cluster_1863241547_1863241548_1976170214': 6, 'cluster_306484187_cluster_1200363791_1200363826_1200363834_1200363898_1200363927_1200363938_1200363947_1200364074_1200364103_1507566554_1507566556_255882157_306484190': 1, 'gneJ143': 5, 'gneJ207': 7, 'gneJ208': 10, 'gneJ210': 7, 'gneJ255': 15, 'gneJ257': 6}, {'1863241632': 6, '2330725114': 0, '243351999': 1, '243641585': 49, '243749571': 58, '30503246': 2, '30624898': 28, '32564122': 2, '89127267': 27, '89173763': 17, '89173808': 11, 'cluster_1427494838_273472399': 13, 'cluster_1757124350_1757124352': 21, 'cluster_1863241547_1863241548_1976170214': 31, 'cluster_306484187_cluster_1200363791_1200363826_1200363834_1200363898_1200363927_1200363938_1200363947_1200364074_1200364103_1507566554_1507566556_255882157_306484190': 1, 'gneJ143': 16, 'gneJ207': 14, 'gneJ208': 18, 'gneJ210': 22, 'gneJ255': 34, 'gneJ257': 8}, 
60150.0, {'1863241632': -5, '2330725114': 0, '243351999': 3, '243641585': -47, '243749571': -47, '30503246': -2, '30624898': -23, '32564122': 35, '89127267': -10, '89173763': -7, '89173808': -10, 'cluster_1427494838_273472399': -13, 'cluster_1757124350_1757124352': -10, 'cluster_1863241547_1863241548_1976170214': -23, 'cluster_306484187_cluster_1200363791_1200363826_1200363834_1200363898_1200363927_1200363938_1200363947_1200364074_1200364103_1507566554_1507566556_255882157_306484190': 12, 'gneJ143': -4, 'gneJ207': -8, 'gneJ208': 13, 'gneJ210': -22, 'gneJ255': -26, 'gneJ257': -6}, {'1863241632': 5, '2330725114': 0, '243351999': 1, '243641585': 22, '243749571': 21, '30503246': 1, '30624898': 17, '32564122': 1, '89127267': 23, '89173763': 6, '89173808': 6, 'cluster_1427494838_273472399': 4, 'cluster_1757124350_1757124352': 9, 'cluster_1863241547_1863241548_1976170214': 6, 'cluster_306484187_cluster_1200363791_1200363826_1200363834_1200363898_1200363927_1200363938_1200363947_1200364074_1200364103_1507566554_1507566556_255882157_306484190': 1, 'gneJ143': 5, 'gneJ207': 7, 'gneJ208': 10, 'gneJ210': 7, 'gneJ255': 15, 'gneJ257': 6}, {'1863241632': 6, '2330725114': 0, '243351999': 1, '243641585': 49, '243749571': 58, '30503246': 2, '30624898': 28, '32564122': 2, '89127267': 27, '89173763': 18, '89173808': 11, 'cluster_1427494838_273472399': 13, 'cluster_1757124350_1757124352': 21, 'cluster_1863241547_1863241548_1976170214': 31, 'cluster_306484187_cluster_1200363791_1200363826_1200363834_1200363898_1200363927_1200363938_1200363947_1200364074_1200364103_1507566554_1507566556_255882157_306484190': 1, 'gneJ143': 16, 'gneJ207': 14, 'gneJ208': 18, 'gneJ210': 22, 'gneJ255': 34, 'gneJ257': 8}, 
60160.0, {'1863241632': -5, '2330725114': 0, '243351999': 3, '243641585': -47, '243749571': -47, '30503246': -2, '30624898': -23, '32564122': 35, '89127267': -10, '89173763': -9, '89173808': -10, 'cluster_1427494838_273472399': -13, 'cluster_1757124350_1757124352': -10, 'cluster_1863241547_1863241548_1976170214': -23, 'cluster_306484187_cluster_1200363791_1200363826_1200363834_1200363898_1200363927_1200363938_1200363947_1200364074_1200364103_1507566554_1507566556_255882157_306484190': 12, 'gneJ143': -4, 'gneJ207': -8, 'gneJ208': 13, 'gneJ210': -22, 'gneJ255': -26, 'gneJ257': -6}, {'1863241632': 5, '2330725114': 0, '243351999': 1, '243641585': 22, '243749571': 21, '30503246': 1, '30624898': 17, '32564122': 1, '89127267': 23, '89173763': 7, '89173808': 6, 'cluster_1427494838_273472399': 4, 'cluster_1757124350_1757124352': 9, 'cluster_1863241547_1863241548_1976170214': 6, 'cluster_306484187_cluster_1200363791_1200363826_1200363834_1200363898_1200363927_1200363938_1200363947_1200364074_1200364103_1507566554_1507566556_255882157_306484190': 1, 'gneJ143': 5, 'gneJ207': 7, 'gneJ208': 10, 'gneJ210': 7, 'gneJ255': 15, 'gneJ257': 6}, {'1863241632': 6, '2330725114': 0, '243351999': 1, '243641585': 49, '243749571': 58, '30503246': 2, '30624898': 28, '32564122': 2, '89127267': 27, '89173763': 20, '89173808': 11, 'cluster_1427494838_273472399': 13, 'cluster_1757124350_1757124352': 21, 'cluster_1863241547_1863241548_1976170214': 31, 'cluster_306484187_cluster_1200363791_1200363826_1200363834_1200363898_1200363927_1200363938_1200363947_1200364074_1200364103_1507566554_1507566556_255882157_306484190': 1, 'gneJ143': 16, 'gneJ207': 14, 'gneJ208': 18, 'gneJ210': 22, 'gneJ255': 34, 'gneJ257': 8}, 
60170.0, {'1863241632': -5, '2330725114': 0, '243351999': 3, '243641585': -47, '243749571': -47, '30503246': -2, '30624898': -23, '32564122': 35, '89127267': -10, '89173763': -9, '89173808': -10, 'cluster_1427494838_273472399': -13, 'cluster_1757124350_1757124352': -10, 'cluster_1863241547_1863241548_1976170214': -24, 'cluster_306484187_cluster_1200363791_1200363826_1200363834_1200363898_1200363927_1200363938_1200363947_1200364074_1200364103_1507566554_1507566556_255882157_306484190': 12, 'gneJ143': -4, 'gneJ207': -8, 'gneJ208': 13, 'gneJ210': -22, 'gneJ255': -26, 'gneJ257': -6}, {'1863241632': 5, '2330725114': 0, '243351999': 1, '243641585': 22, '243749571': 21, '30503246': 1, '30624898': 17, '32564122': 1, '89127267': 23, '89173763': 8, '89173808': 6, 'cluster_1427494838_273472399': 4, 'cluster_1757124350_1757124352': 9, 'cluster_1863241547_1863241548_1976170214': 6, 'cluster_306484187_cluster_1200363791_1200363826_1200363834_1200363898_1200363927_1200363938_1200363947_1200364074_1200364103_1507566554_1507566556_255882157_306484190': 1, 'gneJ143': 5, 'gneJ207': 7, 'gneJ208': 10, 'gneJ210': 7, 'gneJ255': 15, 'gneJ257': 6}, {'1863241632': 6, '2330725114': 0, '243351999': 1, '243641585': 49, '243749571': 58, '30503246': 2, '30624898': 28, '32564122': 2, '89127267': 27, '89173763': 21, '89173808': 11, 'cluster_1427494838_273472399': 13, 'cluster_1757124350_1757124352': 21, 'cluster_1863241547_1863241548_1976170214': 32, 'cluster_306484187_cluster_1200363791_1200363826_1200363834_1200363898_1200363927_1200363938_1200363947_1200364074_1200364103_1507566554_1507566556_255882157_306484190': 1, 'gneJ143': 16, 'gneJ207': 14, 'gneJ208': 18, 'gneJ210': 22, 'gneJ255': 34, 'gneJ257': 8}, 
60180.0, {'1863241632': -5, '2330725114': 0, '243351999': 4, '243641585': -47, '243749571': -47, '30503246': -2, '30624898': -23, '32564122': 35, '89127267': -10, '89173763': -10, '89173808': -10, 'cluster_1427494838_273472399': -13, 'cluster_1757124350_1757124352': -10, 'cluster_1863241547_1863241548_1976170214': -24, 'cluster_306484187_cluster_1200363791_1200363826_1200363834_1200363898_1200363927_1200363938_1200363947_1200364074_1200364103_1507566554_1507566556_255882157_306484190': 12, 'gneJ143': -4, 'gneJ207': -8, 'gneJ208': 13, 'gneJ210': -22, 'gneJ255': -27, 'gneJ257': -6}, {'1863241632': 5, '2330725114': 0, '243351999': 1, '243641585': 22, '243749571': 21, '30503246': 1, '30624898': 17, '32564122': 1, '89127267': 23, '89173763': 8, '89173808': 6, 'cluster_1427494838_273472399': 4, 'cluster_1757124350_1757124352': 9, 'cluster_1863241547_1863241548_1976170214': 6, 'cluster_306484187_cluster_1200363791_1200363826_1200363834_1200363898_1200363927_1200363938_1200363947_1200364074_1200364103_1507566554_1507566556_255882157_306484190': 1, 'gneJ143': 5, 'gneJ207': 7, 'gneJ208': 10, 'gneJ210': 7, 'gneJ255': 15, 'gneJ257': 6}, {'1863241632': 6, '2330725114': 0, '243351999': 1, '243641585': 49, '243749571': 58, '30503246': 2, '30624898': 28, '32564122': 2, '89127267': 27, '89173763': 22, '89173808': 11, 'cluster_1427494838_273472399': 13, 'cluster_1757124350_1757124352': 21, 'cluster_1863241547_1863241548_1976170214': 32, 'cluster_306484187_cluster_1200363791_1200363826_1200363834_1200363898_1200363927_1200363938_1200363947_1200364074_1200364103_1507566554_1507566556_255882157_306484190': 1, 'gneJ143': 16, 'gneJ207': 14, 'gneJ208': 18, 'gneJ210': 22, 'gneJ255': 35, 'gneJ257': 8}, 
60190.0, {'1863241632': -5, '2330725114': 0, '243351999': 5, '243641585': -47, '243749571': -47, '30503246': -2, '30624898': -23, '32564122': 35, '89127267': -10, '89173763': -12, '89173808': -10, 'cluster_1427494838_273472399': -13, 'cluster_1757124350_1757124352': -10, 'cluster_1863241547_1863241548_1976170214': -24, 'cluster_306484187_cluster_1200363791_1200363826_1200363834_1200363898_1200363927_1200363938_1200363947_1200364074_1200364103_1507566554_1507566556_255882157_306484190': 12, 'gneJ143': -4, 'gneJ207': -8, 'gneJ208': 13, 'gneJ210': -22, 'gneJ255': -27, 'gneJ257': -6}, {'1863241632': 5, '2330725114': 0, '243351999': 1, '243641585': 22, '243749571': 21, '30503246': 1, '30624898': 17, '32564122': 1, '89127267': 23, '89173763': 9, '89173808': 6, 'cluster_1427494838_273472399': 4, 'cluster_1757124350_1757124352': 9, 'cluster_1863241547_1863241548_1976170214': 6, 'cluster_306484187_cluster_1200363791_1200363826_1200363834_1200363898_1200363927_1200363938_1200363947_1200364074_1200364103_1507566554_1507566556_255882157_306484190': 1, 'gneJ143': 5, 'gneJ207': 7, 'gneJ208': 10, 'gneJ210': 7, 'gneJ255': 15, 'gneJ257': 6}, {'1863241632': 6, '2330725114': 0, '243351999': 1, '243641585': 49, '243749571': 58, '30503246': 2, '30624898': 28, '32564122': 2, '89127267': 27, '89173763': 24, '89173808': 11, 'cluster_1427494838_273472399': 13, 'cluster_1757124350_1757124352': 21, 'cluster_1863241547_1863241548_1976170214': 32, 'cluster_306484187_cluster_1200363791_1200363826_1200363834_1200363898_1200363927_1200363938_1200363947_1200364074_1200364103_1507566554_1507566556_255882157_306484190': 1, 'gneJ143': 16, 'gneJ207': 14, 'gneJ208': 18, 'gneJ210': 22, 'gneJ255': 35, 'gneJ257': 8}, 
60200.0, {'1863241632': -5, '2330725114': 0, '243351999': 5, '243641585': -47, '243749571': -47, '30503246': -2, '30624898': -23, '32564122': 35, '89127267': -10, '89173763': -12, '89173808': -10, 'cluster_1427494838_273472399': -13, 'cluster_1757124350_1757124352': -10, 'cluster_1863241547_1863241548_1976170214': -24, 'cluster_306484187_cluster_1200363791_1200363826_1200363834_1200363898_1200363927_1200363938_1200363947_1200364074_1200364103_1507566554_1507566556_255882157_306484190': 12, 'gneJ143': -4, 'gneJ207': -8, 'gneJ208': 13, 'gneJ210': -22, 'gneJ255': -27, 'gneJ257': -6}, {'1863241632': 5, '2330725114': 0, '243351999': 1, '243641585': 22, '243749571': 21, '30503246': 1, '30624898': 17, '32564122': 1, '89127267': 23, '89173763': 9, '89173808': 6, 'cluster_1427494838_273472399': 4, 'cluster_1757124350_1757124352': 9, 'cluster_1863241547_1863241548_1976170214': 6, 'cluster_306484187_cluster_1200363791_1200363826_1200363834_1200363898_1200363927_1200363938_1200363947_1200364074_1200364103_1507566554_1507566556_255882157_306484190': 1, 'gneJ143': 5, 'gneJ207': 7, 'gneJ208': 10, 'gneJ210': 7, 'gneJ255': 15, 'gneJ257': 6}, {'1863241632': 6, '2330725114': 0, '243351999': 1, '243641585': 49, '243749571': 58, '30503246': 2, '30624898': 28, '32564122': 2, '89127267': 27, '89173763': 24, '89173808': 11, 'cluster_1427494838_273472399': 13, 'cluster_1757124350_1757124352': 21, 'cluster_1863241547_1863241548_1976170214': 32, 'cluster_306484187_cluster_1200363791_1200363826_1200363834_1200363898_1200363927_1200363938_1200363947_1200364074_1200364103_1507566554_1507566556_255882157_306484190': 1, 'gneJ143': 16, 'gneJ207': 14, 'gneJ208': 18, 'gneJ210': 22, 'gneJ255': 35, 'gneJ257': 8}, 
60210.0, {'1863241632': -5, '2330725114': 0, '243351999': 5, '243641585': -47, '243749571': -47, '30503246': -2, '30624898': -23, '32564122': 35, '89127267': -10, '89173763': -12, '89173808': -10, 'cluster_1427494838_273472399': -13, 'cluster_1757124350_1757124352': -10, 'cluster_1863241547_1863241548_1976170214': -15, 'cluster_306484187_cluster_1200363791_1200363826_1200363834_1200363898_1200363927_1200363938_1200363947_1200364074_1200364103_1507566554_1507566556_255882157_306484190': 12, 'gneJ143': -4, 'gneJ207': -8, 'gneJ208': 13, 'gneJ210': -22, 'gneJ255': -27, 'gneJ257': -6}, {'1863241632': 5, '2330725114': 0, '243351999': 1, '243641585': 22, '243749571': 21, '30503246': 1, '30624898': 17, '32564122': 1, '89127267': 23, '89173763': 9, '89173808': 6, 'cluster_1427494838_273472399': 4, 'cluster_1757124350_1757124352': 9, 'cluster_1863241547_1863241548_1976170214': 5, 'cluster_306484187_cluster_1200363791_1200363826_1200363834_1200363898_1200363927_1200363938_1200363947_1200364074_1200364103_1507566554_1507566556_255882157_306484190': 1, 'gneJ143': 5, 'gneJ207': 7, 'gneJ208': 10, 'gneJ210': 7, 'gneJ255': 15, 'gneJ257': 6}, {'1863241632': 6, '2330725114': 0, '243351999': 1, '243641585': 49, '243749571': 58, '30503246': 2, '30624898': 28, '32564122': 2, '89127267': 27, '89173763': 24, '89173808': 11, 'cluster_1427494838_273472399': 13, 'cluster_1757124350_1757124352': 21, 'cluster_1863241547_1863241548_1976170214': 23, 'cluster_306484187_cluster_1200363791_1200363826_1200363834_1200363898_1200363927_1200363938_1200363947_1200364074_1200364103_1507566554_1507566556_255882157_306484190': 1, 'gneJ143': 16, 'gneJ207': 14, 'gneJ208': 18, 'gneJ210': 22, 'gneJ255': 35, 'gneJ257': 8}, 
60220.0, {'1863241632': -4, '2330725114': 0, '243351999': 5, '243641585': -47, '243749571': -47, '30503246': -2, '30624898': -23, '32564122': 36, '89127267': -10, '89173763': -12, '89173808': -10, 'cluster_1427494838_273472399': -13, 'cluster_1757124350_1757124352': -10, 'cluster_1863241547_1863241548_1976170214': -5, 'cluster_306484187_cluster_1200363791_1200363826_1200363834_1200363898_1200363927_1200363938_1200363947_1200364074_1200364103_1507566554_1507566556_255882157_306484190': 11, 'gneJ143': -4, 'gneJ207': -8, 'gneJ208': 13, 'gneJ210': -22, 'gneJ255': -27, 'gneJ257': -6}, {'1863241632': 5, '2330725114': 0, '243351999': 1, '243641585': 22, '243749571': 21, '30503246': 1, '30624898': 17, '32564122': 1, '89127267': 23, '89173763': 9, '89173808': 6, 'cluster_1427494838_273472399': 4, 'cluster_1757124350_1757124352': 9, 'cluster_1863241547_1863241548_1976170214': 5, 'cluster_306484187_cluster_1200363791_1200363826_1200363834_1200363898_1200363927_1200363938_1200363947_1200364074_1200364103_1507566554_1507566556_255882157_306484190': 2, 'gneJ143': 5, 'gneJ207': 7, 'gneJ208': 10, 'gneJ210': 7, 'gneJ255': 15, 'gneJ257': 6}, {'1863241632': 6, '2330725114': 0, '243351999': 1, '243641585': 49, '243749571': 58, '30503246': 2, '30624898': 28, '32564122': 2, '89127267': 27, '89173763': 24, '89173808': 11, 'cluster_1427494838_273472399': 13, 'cluster_1757124350_1757124352': 21, 'cluster_1863241547_1863241548_1976170214': 13, 'cluster_306484187_cluster_1200363791_1200363826_1200363834_1200363898_1200363927_1200363938_1200363947_1200364074_1200364103_1507566554_1507566556_255882157_306484190': 2, 'gneJ143': 16, 'gneJ207': 14, 'gneJ208': 18, 'gneJ210': 22, 'gneJ255': 35, 'gneJ257': 8}, 
60230.0, {'1863241632': -4, '2330725114': 0, '243351999': 5, '243641585': -47, '243749571': -47, '30503246': -2, '30624898': -23, '32564122': 36, '89127267': -10, '89173763': -14, '89173808': -10, 'cluster_1427494838_273472399': -13, 'cluster_1757124350_1757124352': -10, 'cluster_1863241547_1863241548_1976170214': -4, 'cluster_306484187_cluster_1200363791_1200363826_1200363834_1200363898_1200363927_1200363938_1200363947_1200364074_1200364103_1507566554_1507566556_255882157_306484190': 11, 'gneJ143': -4, 'gneJ207': -8, 'gneJ208': 13, 'gneJ210': -22, 'gneJ255': -27, 'gneJ257': -6}, {'1863241632': 5, '2330725114': 0, '243351999': 1, '243641585': 22, '243749571': 21, '30503246': 1, '30624898': 17, '32564122': 1, '89127267': 23, '89173763': 11, '89173808': 6, 'cluster_1427494838_273472399': 4, 'cluster_1757124350_1757124352': 9, 'cluster_1863241547_1863241548_1976170214': 6, 'cluster_306484187_cluster_1200363791_1200363826_1200363834_1200363898_1200363927_1200363938_1200363947_1200364074_1200364103_1507566554_1507566556_255882157_306484190': 2, 'gneJ143': 5, 'gneJ207': 7, 'gneJ208': 10, 'gneJ210': 7, 'gneJ255': 15, 'gneJ257': 6}, {'1863241632': 6, '2330725114': 0, '243351999': 1, '243641585': 49, '243749571': 58, '30503246': 2, '30624898': 28, '32564122': 2, '89127267': 27, '89173763': 26, '89173808': 11, 'cluster_1427494838_273472399': 13, 'cluster_1757124350_1757124352': 21, 'cluster_1863241547_1863241548_1976170214': 12, 'cluster_306484187_cluster_1200363791_1200363826_1200363834_1200363898_1200363927_1200363938_1200363947_1200364074_1200364103_1507566554_1507566556_255882157_306484190': 2, 'gneJ143': 16, 'gneJ207': 14, 'gneJ208': 18, 'gneJ210': 22, 'gneJ255': 35, 'gneJ257': 8}, 
60240.0, {'1863241632': -4, '2330725114': 0, '243351999': 5, '243641585': -47, '243749571': -43, '30503246': -2, '30624898': -23, '32564122': 36, '89127267': -10, '89173763': -16, '89173808': -10, 'cluster_1427494838_273472399': -13, 'cluster_1757124350_1757124352': -10, 'cluster_1863241547_1863241548_1976170214': -4, 'cluster_306484187_cluster_1200363791_1200363826_1200363834_1200363898_1200363927_1200363938_1200363947_1200364074_1200364103_1507566554_1507566556_255882157_306484190': 11, 'gneJ143': -4, 'gneJ207': -8, 'gneJ208': 10, 'gneJ210': -22, 'gneJ255': -27, 'gneJ257': -6}, {'1863241632': 5, '2330725114': 0, '243351999': 1, '243641585': 22, '243749571': 18, '30503246': 1, '30624898': 17, '32564122': 1, '89127267': 23, '89173763': 13, '89173808': 6, 'cluster_1427494838_273472399': 4, 'cluster_1757124350_1757124352': 9, 'cluster_1863241547_1863241548_1976170214': 6, 'cluster_306484187_cluster_1200363791_1200363826_1200363834_1200363898_1200363927_1200363938_1200363947_1200364074_1200364103_1507566554_1507566556_255882157_306484190': 2, 'gneJ143': 5, 'gneJ207': 7, 'gneJ208': 10, 'gneJ210': 7, 'gneJ255': 15, 'gneJ257': 6}, {'1863241632': 6, '2330725114': 0, '243351999': 1, '243641585': 49, '243749571': 54, '30503246': 2, '30624898': 28, '32564122': 2, '89127267': 27, '89173763': 28, '89173808': 11, 'cluster_1427494838_273472399': 13, 'cluster_1757124350_1757124352': 21, 'cluster_1863241547_1863241548_1976170214': 12, 'cluster_306484187_cluster_1200363791_1200363826_1200363834_1200363898_1200363927_1200363938_1200363947_1200364074_1200364103_1507566554_1507566556_255882157_306484190': 2, 'gneJ143': 16, 'gneJ207': 14, 'gneJ208': 18, 'gneJ210': 22, 'gneJ255': 35, 'gneJ257': 8}, 
60250.0, {'1863241632': -4, '2330725114': 0, '243351999': 5, '243641585': -47, '243749571': -41, '30503246': -2, '30624898': -23, '32564122': 37, '89127267': -10, '89173763': -18, '89173808': -10, 'cluster_1427494838_273472399': -13, 'cluster_1757124350_1757124352': -10, 'cluster_1863241547_1863241548_1976170214': -4, 'cluster_306484187_cluster_1200363791_1200363826_1200363834_1200363898_1200363927_1200363938_1200363947_1200364074_1200364103_1507566554_1507566556_255882157_306484190': 12, 'gneJ143': -4, 'gneJ207': -8, 'gneJ208': 7, 'gneJ210': -22, 'gneJ255': -27, 'gneJ257': -8}, {'1863241632': 5, '2330725114': 0, '243351999': 1, '243641585': 22, '243749571': 17, '30503246': 1, '30624898': 17, '32564122': 1, '89127267': 23, '89173763': 15, '89173808': 6, 'cluster_1427494838_273472399': 4, 'cluster_1757124350_1757124352': 9, 'cluster_1863241547_1863241548_1976170214': 6, 'cluster_306484187_cluster_1200363791_1200363826_1200363834_1200363898_1200363927_1200363938_1200363947_1200364074_1200364103_1507566554_1507566556_255882157_306484190': 2, 'gneJ143': 5, 'gneJ207': 7, 'gneJ208': 10, 'gneJ210': 7, 'gneJ255': 15, 'gneJ257': 6}, {'1863241632': 6, '2330725114': 0, '243351999': 1, '243641585': 49, '243749571': 52, '30503246': 2, '30624898': 28, '32564122': 1, '89127267': 27, '89173763': 30, '89173808': 11, 'cluster_1427494838_273472399': 13, 'cluster_1757124350_1757124352': 21, 'cluster_1863241547_1863241548_1976170214': 12, 'cluster_306484187_cluster_1200363791_1200363826_1200363834_1200363898_1200363927_1200363938_1200363947_1200364074_1200364103_1507566554_1507566556_255882157_306484190': 2, 'gneJ143': 16, 'gneJ207': 14, 'gneJ208': 18, 'gneJ210': 22, 'gneJ255': 35, 'gneJ257': 8}, 
60260.0, {'1863241632': -6, '2330725114': 0, '243351999': 5, '243641585': -49, '243749571': -41, '30503246': -2, '30624898': -23, '32564122': 33, '89127267': -10, '89173763': -20, '89173808': -10, 'cluster_1427494838_273472399': -13, 'cluster_1757124350_1757124352': -10, 'cluster_1863241547_1863241548_1976170214': -4, 'cluster_306484187_cluster_1200363791_1200363826_1200363834_1200363898_1200363927_1200363938_1200363947_1200364074_1200364103_1507566554_1507566556_255882157_306484190': 13, 'gneJ143': -4, 'gneJ207': -8, 'gneJ208': 4, 'gneJ210': -22, 'gneJ255': -27, 'gneJ257': -4}, {'1863241632': 5, '2330725114': 0, '243351999': 1, '243641585': 22, '243749571': 15, '30503246': 1, '30624898': 17, '32564122': 2, '89127267': 23, '89173763': 15, '89173808': 6, 'cluster_1427494838_273472399': 4, 'cluster_1757124350_1757124352': 9, 'cluster_1863241547_1863241548_1976170214': 6, 'cluster_306484187_cluster_1200363791_1200363826_1200363834_1200363898_1200363927_1200363938_1200363947_1200364074_1200364103_1507566554_1507566556_255882157_306484190': 2, 'gneJ143': 5, 'gneJ207': 7, 'gneJ208': 10, 'gneJ210': 7, 'gneJ255': 15, 'gneJ257': 3}, {'1863241632': 6, '2330725114': 0, '243351999': 1, '243641585': 49, '243749571': 52, '30503246': 2, '30624898': 28, '32564122': 2, '89127267': 27, '89173763': 30, '89173808': 11, 'cluster_1427494838_273472399': 13, 'cluster_1757124350_1757124352': 21, 'cluster_1863241547_1863241548_1976170214': 12, 'cluster_306484187_cluster_1200363791_1200363826_1200363834_1200363898_1200363927_1200363938_1200363947_1200364074_1200364103_1507566554_1507566556_255882157_306484190': 2, 'gneJ143': 16, 'gneJ207': 14, 'gneJ208': 18, 'gneJ210': 22, 'gneJ255': 35, 'gneJ257': 4}, 
60270.0, {'1863241632': -5, '2330725114': 0, '243351999': 5, '243641585': -49, '243749571': -37, '30503246': -2, '30624898': -23, '32564122': 34, '89127267': -10, '89173763': -21, '89173808': -10, 'cluster_1427494838_273472399': -13, 'cluster_1757124350_1757124352': -10, 'cluster_1863241547_1863241548_1976170214': -8, 'cluster_306484187_cluster_1200363791_1200363826_1200363834_1200363898_1200363927_1200363938_1200363947_1200364074_1200364103_1507566554_1507566556_255882157_306484190': 13, 'gneJ143': -4, 'gneJ207': -8, 'gneJ208': 1, 'gneJ210': -22, 'gneJ255': -27, 'gneJ257': -5}, {'1863241632': 5, '2330725114': 0, '243351999': 1, '243641585': 22, '243749571': 14, '30503246': 1, '30624898': 17, '32564122': 2, '89127267': 23, '89173763': 15, '89173808': 6, 'cluster_1427494838_273472399': 4, 'cluster_1757124350_1757124352': 9, 'cluster_1863241547_1863241548_1976170214': 6, 'cluster_306484187_cluster_1200363791_1200363826_1200363834_1200363898_1200363927_1200363938_1200363947_1200364074_1200364103_1507566554_1507566556_255882157_306484190': 2, 'gneJ143': 5, 'gneJ207': 7, 'gneJ208': 10, 'gneJ210': 7, 'gneJ255': 15, 'gneJ257': 4}, {'1863241632': 6, '2330725114': 0, '243351999': 1, '243641585': 49, '243749571': 48, '30503246': 2, '30624898': 28, '32564122': 2, '89127267': 27, '89173763': 30, '89173808': 11, 'cluster_1427494838_273472399': 13, 'cluster_1757124350_1757124352': 21, 'cluster_1863241547_1863241548_1976170214': 16, 'cluster_306484187_cluster_1200363791_1200363826_1200363834_1200363898_1200363927_1200363938_1200363947_1200364074_1200364103_1507566554_1507566556_255882157_306484190': 2, 'gneJ143': 16, 'gneJ207': 14, 'gneJ208': 18, 'gneJ210': 22, 'gneJ255': 35, 'gneJ257': 5}, 
60280.0, {'1863241632': -5, '2330725114': 0, '243351999': 5, '243641585': -49, '243749571': -33, '30503246': -2, '30624898': -23, '32564122': 36, '89127267': -10, '89173763': -21, '89173808': -10, 'cluster_1427494838_273472399': -13, 'cluster_1757124350_1757124352': -10, 'cluster_1863241547_1863241548_1976170214': -10, 'cluster_306484187_cluster_1200363791_1200363826_1200363834_1200363898_1200363927_1200363938_1200363947_1200364074_1200364103_1507566554_1507566556_255882157_306484190': 13, 'gneJ143': -4, 'gneJ207': -8, 'gneJ208': -3, 'gneJ210': -22, 'gneJ255': -27, 'gneJ257': -10}, {'1863241632': 5, '2330725114': 0, '243351999': 1, '243641585': 22, '243749571': 16, '30503246': 1, '30624898': 17, '32564122': 2, '89127267': 23, '89173763': 15, '89173808': 6, 'cluster_1427494838_273472399': 4, 'cluster_1757124350_1757124352': 9, 'cluster_1863241547_1863241548_1976170214': 6, 'cluster_306484187_cluster_1200363791_1200363826_1200363834_1200363898_1200363927_1200363938_1200363947_1200364074_1200364103_1507566554_1507566556_255882157_306484190': 2, 'gneJ143': 5, 'gneJ207': 7, 'gneJ208': 10, 'gneJ210': 7, 'gneJ255': 15, 'gneJ257': 6}, {'1863241632': 6, '2330725114': 0, '243351999': 1, '243641585': 49, '243749571': 44, '30503246': 2, '30624898': 28, '32564122': 2, '89127267': 27, '89173763': 30, '89173808': 11, 'cluster_1427494838_273472399': 13, 'cluster_1757124350_1757124352': 21, 'cluster_1863241547_1863241548_1976170214': 18, 'cluster_306484187_cluster_1200363791_1200363826_1200363834_1200363898_1200363927_1200363938_1200363947_1200364074_1200364103_1507566554_1507566556_255882157_306484190': 2, 'gneJ143': 16, 'gneJ207': 14, 'gneJ208': 18, 'gneJ210': 22, 'gneJ255': 35, 'gneJ257': 10}, 
60290.0, {'1863241632': -6, '2330725114': 0, '243351999': 5, '243641585': -49, '243749571': -30, '30503246': -2, '30624898': -23, '32564122': 32, '89127267': -10, '89173763': -22, '89173808': -10, 'cluster_1427494838_273472399': -13, 'cluster_1757124350_1757124352': -10, 'cluster_1863241547_1863241548_1976170214': -10, 'cluster_306484187_cluster_1200363791_1200363826_1200363834_1200363898_1200363927_1200363938_1200363947_1200364074_1200364103_1507566554_1507566556_255882157_306484190': 13, 'gneJ143': -4, 'gneJ207': -8, 'gneJ208': -7, 'gneJ210': -22, 'gneJ255': -27, 'gneJ257': -8}, {'1863241632': 5, '2330725114': 0, '243351999': 1, '243641585': 22, '243749571': 16, '30503246': 1, '30624898': 17, '32564122': 2, '89127267': 23, '89173763': 15, '89173808': 6, 'cluster_1427494838_273472399': 4, 'cluster_1757124350_1757124352': 9, 'cluster_1863241547_1863241548_1976170214': 6, 'cluster_306484187_cluster_1200363791_1200363826_1200363834_1200363898_1200363927_1200363938_1200363947_1200364074_1200364103_1507566554_1507566556_255882157_306484190': 2, 'gneJ143': 5, 'gneJ207': 7, 'gneJ208': 10, 'gneJ210': 7, 'gneJ255': 15, 'gneJ257': 3}, {'1863241632': 6, '2330725114': 0, '243351999': 1, '243641585': 49, '243749571': 41, '30503246': 2, '30624898': 28, '32564122': 2, '89127267': 27, '89173763': 30, '89173808': 11, 'cluster_1427494838_273472399': 13, 'cluster_1757124350_1757124352': 21, 'cluster_1863241547_1863241548_1976170214': 18, 'cluster_306484187_cluster_1200363791_1200363826_1200363834_1200363898_1200363927_1200363938_1200363947_1200364074_1200364103_1507566554_1507566556_255882157_306484190': 2, 'gneJ143': 16, 'gneJ207': 14, 'gneJ208': 18, 'gneJ210': 22, 'gneJ255': 35, 'gneJ257': 8}, 
60300.0, {'1863241632': -5, '2330725114': 0, '243351999': 5, '243641585': -49, '243749571': -30, '30503246': -2, '30624898': -23, '32564122': 34, '89127267': -10, '89173763': -22, '89173808': -10, 'cluster_1427494838_273472399': -13, 'cluster_1757124350_1757124352': -10, 'cluster_1863241547_1863241548_1976170214': -12, 'cluster_306484187_cluster_1200363791_1200363826_1200363834_1200363898_1200363927_1200363938_1200363947_1200364074_1200364103_1507566554_1507566556_255882157_306484190': 13, 'gneJ143': -4, 'gneJ207': -8, 'gneJ208': -8, 'gneJ210': -22, 'gneJ255': -27, 'gneJ257': -16}, {'1863241632': 5, '2330725114': 0, '243351999': 1, '243641585': 22, '243749571': 16, '30503246': 1, '30624898': 17, '32564122': 2, '89127267': 23, '89173763': 15, '89173808': 6, 'cluster_1427494838_273472399': 4, 'cluster_1757124350_1757124352': 9, 'cluster_1863241547_1863241548_1976170214': 6, 'cluster_306484187_cluster_1200363791_1200363826_1200363834_1200363898_1200363927_1200363938_1200363947_1200364074_1200364103_1507566554_1507566556_255882157_306484190': 2, 'gneJ143': 5, 'gneJ207': 7, 'gneJ208': 8, 'gneJ210': 7, 'gneJ255': 15, 'gneJ257': 6}, {'1863241632': 6, '2330725114': 0, '243351999': 1, '243641585': 49, '243749571': 38, '30503246': 2, '30624898': 28, '32564122': 2, '89127267': 27, '89173763': 30, '89173808': 11, 'cluster_1427494838_273472399': 13, 'cluster_1757124350_1757124352': 21, 'cluster_1863241547_1863241548_1976170214': 20, 'cluster_306484187_cluster_1200363791_1200363826_1200363834_1200363898_1200363927_1200363938_1200363947_1200364074_1200364103_1507566554_1507566556_255882157_306484190': 2, 'gneJ143': 16, 'gneJ207': 14, 'gneJ208': 15, 'gneJ210': 22, 'gneJ255': 35, 'gneJ257': 16}, 
60310.0, {'1863241632': -5, '2330725114': 0, '243351999': 5, '243641585': -49, '243749571': -33, '30503246': -2, '30624898': -23, '32564122': 34, '89127267': -10, '89173763': -22, '89173808': -11, 'cluster_1427494838_273472399': -13, 'cluster_1757124350_1757124352': -10, 'cluster_1863241547_1863241548_1976170214': -13, 'cluster_306484187_cluster_1200363791_1200363826_1200363834_1200363898_1200363927_1200363938_1200363947_1200364074_1200364103_1507566554_1507566556_255882157_306484190': 13, 'gneJ143': -4, 'gneJ207': -7, 'gneJ208': -3, 'gneJ210': -22, 'gneJ255': -27, 'gneJ257': -16}, {'1863241632': 5, '2330725114': 0, '243351999': 1, '243641585': 22, '243749571': 14, '30503246': 1, '30624898': 17, '32564122': 2, '89127267': 23, '89173763': 15, '89173808': 6, 'cluster_1427494838_273472399': 4, 'cluster_1757124350_1757124352': 9, 'cluster_1863241547_1863241548_1976170214': 6, 'cluster_306484187_cluster_1200363791_1200363826_1200363834_1200363898_1200363927_1200363938_1200363947_1200364074_1200364103_1507566554_1507566556_255882157_306484190': 2, 'gneJ143': 5, 'gneJ207': 7, 'gneJ208': 6, 'gneJ210': 7, 'gneJ255': 15, 'gneJ257': 6}, {'1863241632': 6, '2330725114': 0, '243351999': 1, '243641585': 49, '243749571': 36, '30503246': 2, '30624898': 28, '32564122': 2, '89127267': 27, '89173763': 30, '89173808': 11, 'cluster_1427494838_273472399': 13, 'cluster_1757124350_1757124352': 21, 'cluster_1863241547_1863241548_1976170214': 21, 'cluster_306484187_cluster_1200363791_1200363826_1200363834_1200363898_1200363927_1200363938_1200363947_1200364074_1200364103_1507566554_1507566556_255882157_306484190': 2, 'gneJ143': 16, 'gneJ207': 13, 'gneJ208': 10, 'gneJ210': 22, 'gneJ255': 35, 'gneJ257': 16}, 
60320.0, {'1863241632': -5, '2330725114': -2, '243351999': 5, '243641585': -49, '243749571': -32, '30503246': -2, '30624898': -23, '32564122': 34, '89127267': -10, '89173763': -22, '89173808': -9, 'cluster_1427494838_273472399': -13, 'cluster_1757124350_1757124352': -10, 'cluster_1863241547_1863241548_1976170214': -14, 'cluster_306484187_cluster_1200363791_1200363826_1200363834_1200363898_1200363927_1200363938_1200363947_1200364074_1200364103_1507566554_1507566556_255882157_306484190': 13, 'gneJ143': -5, 'gneJ207': -8, 'gneJ208': 2, 'gneJ210': -22, 'gneJ255': -27, 'gneJ257': -11}, {'1863241632': 5, '2330725114': 2, '243351999': 1, '243641585': 22, '243749571': 11, '30503246': 1, '30624898': 17, '32564122': 2, '89127267': 23, '89173763': 15, '89173808': 6, 'cluster_1427494838_273472399': 4, 'cluster_1757124350_1757124352': 9, 'cluster_1863241547_1863241548_1976170214': 6, 'cluster_306484187_cluster_1200363791_1200363826_1200363834_1200363898_1200363927_1200363938_1200363947_1200364074_1200364103_1507566554_1507566556_255882157_306484190': 2, 'gneJ143': 5, 'gneJ207': 7, 'gneJ208': 6, 'gneJ210': 7, 'gneJ255': 15, 'gneJ257': 4}, {'1863241632': 6, '2330725114': 2, '243351999': 1, '243641585': 49, '243749571': 32, '30503246': 2, '30624898': 28, '32564122': 2, '89127267': 27, '89173763': 30, '89173808': 11, 'cluster_1427494838_273472399': 13, 'cluster_1757124350_1757124352': 21, 'cluster_1863241547_1863241548_1976170214': 22, 'cluster_306484187_cluster_1200363791_1200363826_1200363834_1200363898_1200363927_1200363938_1200363947_1200364074_1200364103_1507566554_1507566556_255882157_306484190': 2, 'gneJ143': 17, 'gneJ207': 15, 'gneJ208': 7, 'gneJ210': 22, 'gneJ255': 35, 'gneJ257': 11}, 
60330.0, {'1863241632': -6, '2330725114': -6, '243351999': 5, '243641585': -49, '243749571': -30, '30503246': -2, '30624898': -23, '32564122': 30, '89127267': -10, '89173763': -22, '89173808': -11, 'cluster_1427494838_273472399': -13, 'cluster_1757124350_1757124352': -10, 'cluster_1863241547_1863241548_1976170214': -15, 'cluster_306484187_cluster_1200363791_1200363826_1200363834_1200363898_1200363927_1200363938_1200363947_1200364074_1200364103_1507566554_1507566556_255882157_306484190': 17, 'gneJ143': -5, 'gneJ207': -6, 'gneJ208': 6, 'gneJ210': -22, 'gneJ255': -27, 'gneJ257': -5}, {'1863241632': 5, '2330725114': 3, '243351999': 1, '243641585': 22, '243749571': 9, '30503246': 1, '30624898': 17, '32564122': 6, '89127267': 23, '89173763': 15, '89173808': 6, 'cluster_1427494838_273472399': 4, 'cluster_1757124350_1757124352': 9, 'cluster_1863241547_1863241548_1976170214': 7, 'cluster_306484187_cluster_1200363791_1200363826_1200363834_1200363898_1200363927_1200363938_1200363947_1200364074_1200364103_1507566554_1507566556_255882157_306484190': 2, 'gneJ143': 5, 'gneJ207': 7, 'gneJ208': 6, 'gneJ210': 7, 'gneJ255': 15, 'gneJ257': 4}, {'1863241632': 7, '2330725114': 6, '243351999': 1, '243641585': 49, '243749571': 30, '30503246': 2, '30624898': 28, '32564122': 6, '89127267': 27, '89173763': 30, '89173808': 11, 'cluster_1427494838_273472399': 13, 'cluster_1757124350_1757124352': 21, 'cluster_1863241547_1863241548_1976170214': 24, 'cluster_306484187_cluster_1200363791_1200363826_1200363834_1200363898_1200363927_1200363938_1200363947_1200364074_1200364103_1507566554_1507566556_255882157_306484190': 2, 'gneJ143': 17, 'gneJ207': 13, 'gneJ208': 7, 'gneJ210': 22, 'gneJ255': 35, 'gneJ257': 5}, 
60340.0, {'1863241632': -7, '2330725114': -6, '243351999': 6, '243641585': -49, '243749571': -24, '30503246': -2, '30624898': -23, '32564122': 30, '89127267': -10, '89173763': -23, '89173808': -11, 'cluster_1427494838_273472399': -13, 'cluster_1757124350_1757124352': -10, 'cluster_1863241547_1863241548_1976170214': -14, 'cluster_306484187_cluster_1200363791_1200363826_1200363834_1200363898_1200363927_1200363938_1200363947_1200364074_1200364103_1507566554_1507566556_255882157_306484190': 17, 'gneJ143': -5, 'gneJ207': -6, 'gneJ208': 6, 'gneJ210': -22, 'gneJ255': -27, 'gneJ257': -5}, {'1863241632': 5, '2330725114': 3, '243351999': 1, '243641585': 22, '243749571': 7, '30503246': 1, '30624898': 17, '32564122': 6, '89127267': 23, '89173763': 15, '89173808': 6, 'cluster_1427494838_273472399': 4, 'cluster_1757124350_1757124352': 9, 'cluster_1863241547_1863241548_1976170214': 7, 'cluster_306484187_cluster_1200363791_1200363826_1200363834_1200363898_1200363927_1200363938_1200363947_1200364074_1200364103_1507566554_1507566556_255882157_306484190': 2, 'gneJ143': 5, 'gneJ207': 7, 'gneJ208': 6, 'gneJ210': 7, 'gneJ255': 15, 'gneJ257': 4}, {'1863241632': 8, '2330725114': 6, '243351999': 1, '243641585': 49, '243749571': 24, '30503246': 2, '30624898': 28, '32564122': 6, '89127267': 27, '89173763': 31, '89173808': 11, 'cluster_1427494838_273472399': 13, 'cluster_1757124350_1757124352': 21, 'cluster_1863241547_1863241548_1976170214': 24, 'cluster_306484187_cluster_1200363791_1200363826_1200363834_1200363898_1200363927_1200363938_1200363947_1200364074_1200364103_1507566554_1507566556_255882157_306484190': 2, 'gneJ143': 17, 'gneJ207': 13, 'gneJ208': 7, 'gneJ210': 22, 'gneJ255': 35, 'gneJ257': 5}, 
60350.0, {'1863241632': -7, '2330725114': -6, '243351999': 6, '243641585': -49, '243749571': -18, '30503246': -2, '30624898': -23, '32564122': 30, '89127267': -10, '89173763': -23, '89173808': -11, 'cluster_1427494838_273472399': -13, 'cluster_1757124350_1757124352': -10, 'cluster_1863241547_1863241548_1976170214': -14, 'cluster_306484187_cluster_1200363791_1200363826_1200363834_1200363898_1200363927_1200363938_1200363947_1200364074_1200364103_1507566554_1507566556_255882157_306484190': 17, 'gneJ143': -8, 'gneJ207': -3, 'gneJ208': 5, 'gneJ210': -22, 'gneJ255': -27, 'gneJ257': -4}, {'1863241632': 5, '2330725114': 3, '243351999': 1, '243641585': 22, '243749571': 7, '30503246': 1, '30624898': 17, '32564122': 6, '89127267': 23, '89173763': 15, '89173808': 6, 'cluster_1427494838_273472399': 4, 'cluster_1757124350_1757124352': 9, 'cluster_1863241547_1863241548_1976170214': 7, 'cluster_306484187_cluster_1200363791_1200363826_1200363834_1200363898_1200363927_1200363938_1200363947_1200364074_1200364103_1507566554_1507566556_255882157_306484190': 2, 'gneJ143': 5, 'gneJ207': 7, 'gneJ208': 6, 'gneJ210': 7, 'gneJ255': 15, 'gneJ257': 4}, {'1863241632': 8, '2330725114': 6, '243351999': 1, '243641585': 49, '243749571': 18, '30503246': 2, '30624898': 28, '32564122': 6, '89127267': 27, '89173763': 31, '89173808': 11, 'cluster_1427494838_273472399': 13, 'cluster_1757124350_1757124352': 21, 'cluster_1863241547_1863241548_1976170214': 24, 'cluster_306484187_cluster_1200363791_1200363826_1200363834_1200363898_1200363927_1200363938_1200363947_1200364074_1200364103_1507566554_1507566556_255882157_306484190': 2, 'gneJ143': 20, 'gneJ207': 13, 'gneJ208': 8, 'gneJ210': 22, 'gneJ255': 35, 'gneJ257': 4}, 
60360.0, {'1863241632': -7, '2330725114': -6, '243351999': 6, '243641585': -49, '243749571': -16, '30503246': -2, '30624898': -23, '32564122': 30, '89127267': -10, '89173763': -23, '89173808': -11, 'cluster_1427494838_273472399': -13, 'cluster_1757124350_1757124352': -10, 'cluster_1863241547_1863241548_1976170214': -14, 'cluster_306484187_cluster_1200363791_1200363826_1200363834_1200363898_1200363927_1200363938_1200363947_1200364074_1200364103_1507566554_1507566556_255882157_306484190': 17, 'gneJ143': -8, 'gneJ207': -3, 'gneJ208': 5, 'gneJ210': -22, 'gneJ255': -27, 'gneJ257': -4}, {'1863241632': 5, '2330725114': 3, '243351999': 1, '243641585': 22, '243749571': 7, '30503246': 1, '30624898': 17, '32564122': 6, '89127267': 23, '89173763': 15, '89173808': 6, 'cluster_1427494838_273472399': 4, 'cluster_1757124350_1757124352': 9, 'cluster_1863241547_1863241548_1976170214': 7, 'cluster_306484187_cluster_1200363791_1200363826_1200363834_1200363898_1200363927_1200363938_1200363947_1200364074_1200364103_1507566554_1507566556_255882157_306484190': 2, 'gneJ143': 5, 'gneJ207': 7, 'gneJ208': 6, 'gneJ210': 7, 'gneJ255': 15, 'gneJ257': 4}, {'1863241632': 8, '2330725114': 6, '243351999': 1, '243641585': 49, '243749571': 16, '30503246': 2, '30624898': 28, '32564122': 6, '89127267': 27, '89173763': 31, '89173808': 11, 'cluster_1427494838_273472399': 13, 'cluster_1757124350_1757124352': 21, 'cluster_1863241547_1863241548_1976170214': 24, 'cluster_306484187_cluster_1200363791_1200363826_1200363834_1200363898_1200363927_1200363938_1200363947_1200364074_1200364103_1507566554_1507566556_255882157_306484190': 2, 'gneJ143': 20, 'gneJ207': 13, 'gneJ208': 8, 'gneJ210': 22, 'gneJ255': 35, 'gneJ257': 4}, 
60370.0, {'1863241632': -7, '2330725114': -6, '243351999': 6, '243641585': -49, '243749571': -16, '30503246': -2, '30624898': -23, '32564122': 30, '89127267': -10, '89173763': -22, '89173808': -11, 'cluster_1427494838_273472399': -13, 'cluster_1757124350_1757124352': -10, 'cluster_1863241547_1863241548_1976170214': -15, 'cluster_306484187_cluster_1200363791_1200363826_1200363834_1200363898_1200363927_1200363938_1200363947_1200364074_1200364103_1507566554_1507566556_255882157_306484190': 17, 'gneJ143': -8, 'gneJ207': -3, 'gneJ208': 5, 'gneJ210': -22, 'gneJ255': -27, 'gneJ257': -4}, {'1863241632': 5, '2330725114': 3, '243351999': 1, '243641585': 22, '243749571': 7, '30503246': 1, '30624898': 17, '32564122': 6, '89127267': 23, '89173763': 15, '89173808': 6, 'cluster_1427494838_273472399': 4, 'cluster_1757124350_1757124352': 9, 'cluster_1863241547_1863241548_1976170214': 7, 'cluster_306484187_cluster_1200363791_1200363826_1200363834_1200363898_1200363927_1200363938_1200363947_1200364074_1200364103_1507566554_1507566556_255882157_306484190': 2, 'gneJ143': 5, 'gneJ207': 7, 'gneJ208': 6, 'gneJ210': 7, 'gneJ255': 15, 'gneJ257': 4}, {'1863241632': 8, '2330725114': 6, '243351999': 1, '243641585': 49, '243749571': 16, '30503246': 2, '30624898': 28, '32564122': 6, '89127267': 27, '89173763': 31, '89173808': 11, 'cluster_1427494838_273472399': 13, 'cluster_1757124350_1757124352': 21, 'cluster_1863241547_1863241548_1976170214': 25, 'cluster_306484187_cluster_1200363791_1200363826_1200363834_1200363898_1200363927_1200363938_1200363947_1200364074_1200364103_1507566554_1507566556_255882157_306484190': 2, 'gneJ143': 20, 'gneJ207': 13, 'gneJ208': 8, 'gneJ210': 22, 'gneJ255': 35, 'gneJ257': 4}, 
60380.0, {'1863241632': -7, '2330725114': -6, '243351999': 6, '243641585': -49, '243749571': -21, '30503246': -2, '30624898': -23, '32564122': 30, '89127267': -10, '89173763': -21, '89173808': -11, 'cluster_1427494838_273472399': -13, 'cluster_1757124350_1757124352': -10, 'cluster_1863241547_1863241548_1976170214': -19, 'cluster_306484187_cluster_1200363791_1200363826_1200363834_1200363898_1200363927_1200363938_1200363947_1200364074_1200364103_1507566554_1507566556_255882157_306484190': 17, 'gneJ143': -8, 'gneJ207': -3, 'gneJ208': 5, 'gneJ210': -22, 'gneJ255': -27, 'gneJ257': -4}, {'1863241632': 5, '2330725114': 3, '243351999': 1, '243641585': 22, '243749571': 9, '30503246': 1, '30624898': 17, '32564122': 6, '89127267': 23, '89173763': 15, '89173808': 6, 'cluster_1427494838_273472399': 4, 'cluster_1757124350_1757124352': 9, 'cluster_1863241547_1863241548_1976170214': 7, 'cluster_306484187_cluster_1200363791_1200363826_1200363834_1200363898_1200363927_1200363938_1200363947_1200364074_1200364103_1507566554_1507566556_255882157_306484190': 2, 'gneJ143': 5, 'gneJ207': 7, 'gneJ208': 6, 'gneJ210': 7, 'gneJ255': 15, 'gneJ257': 4}, {'1863241632': 8, '2330725114': 6, '243351999': 1, '243641585': 49, '243749571': 21, '30503246': 2, '30624898': 28, '32564122': 6, '89127267': 27, '89173763': 28, '89173808': 11, 'cluster_1427494838_273472399': 13, 'cluster_1757124350_1757124352': 21, 'cluster_1863241547_1863241548_1976170214': 26, 'cluster_306484187_cluster_1200363791_1200363826_1200363834_1200363898_1200363927_1200363938_1200363947_1200364074_1200364103_1507566554_1507566556_255882157_306484190': 2, 'gneJ143': 20, 'gneJ207': 13, 'gneJ208': 8, 'gneJ210': 22, 'gneJ255': 35, 'gneJ257': 4}, 
60390.0, {'1863241632': -7, '2330725114': -6, '243351999': 6, '243641585': -49, '243749571': -20, '30503246': -2, '30624898': -23, '32564122': 30, '89127267': -10, '89173763': -21, '89173808': -11, 'cluster_1427494838_273472399': -13, 'cluster_1757124350_1757124352': -10, 'cluster_1863241547_1863241548_1976170214': -15, 'cluster_306484187_cluster_1200363791_1200363826_1200363834_1200363898_1200363927_1200363938_1200363947_1200364074_1200364103_1507566554_1507566556_255882157_306484190': 17, 'gneJ143': -8, 'gneJ207': -3, 'gneJ208': 2, 'gneJ210': -22, 'gneJ255': -27, 'gneJ257': -4}, {'1863241632': 5, '2330725114': 3, '243351999': 1, '243641585': 22, '243749571': 13, '30503246': 1, '30624898': 17, '32564122': 6, '89127267': 23, '89173763': 15, '89173808': 6, 'cluster_1427494838_273472399': 4, 'cluster_1757124350_1757124352': 9, 'cluster_1863241547_1863241548_1976170214': 6, 'cluster_306484187_cluster_1200363791_1200363826_1200363834_1200363898_1200363927_1200363938_1200363947_1200364074_1200364103_1507566554_1507566556_255882157_306484190': 2, 'gneJ143': 5, 'gneJ207': 7, 'gneJ208': 6, 'gneJ210': 7, 'gneJ255': 15, 'gneJ257': 4}, {'1863241632': 8, '2330725114': 6, '243351999': 1, '243641585': 49, '243749571': 20, '30503246': 2, '30624898': 28, '32564122': 6, '89127267': 27, '89173763': 25, '89173808': 11, 'cluster_1427494838_273472399': 13, 'cluster_1757124350_1757124352': 21, 'cluster_1863241547_1863241548_1976170214': 19, 'cluster_306484187_cluster_1200363791_1200363826_1200363834_1200363898_1200363927_1200363938_1200363947_1200364074_1200364103_1507566554_1507566556_255882157_306484190': 2, 'gneJ143': 20, 'gneJ207': 13, 'gneJ208': 8, 'gneJ210': 22, 'gneJ255': 35, 'gneJ257': 4}, 
60400.0, {'1863241632': -7, '2330725114': -6, '243351999': 6, '243641585': -49, '243749571': -24, '30503246': -2, '30624898': -23, '32564122': 30, '89127267': -10, '89173763': -20, '89173808': -11, 'cluster_1427494838_273472399': -13, 'cluster_1757124350_1757124352': -10, 'cluster_1863241547_1863241548_1976170214': -5, 'cluster_306484187_cluster_1200363791_1200363826_1200363834_1200363898_1200363927_1200363938_1200363947_1200364074_1200364103_1507566554_1507566556_255882157_306484190': 17, 'gneJ143': -8, 'gneJ207': -3, 'gneJ208': 2, 'gneJ210': -23, 'gneJ255': -27, 'gneJ257': -4}, {'1863241632': 5, '2330725114': 3, '243351999': 1, '243641585': 22, '243749571': 17, '30503246': 1, '30624898': 17, '32564122': 6, '89127267': 23, '89173763': 15, '89173808': 6, 'cluster_1427494838_273472399': 4, 'cluster_1757124350_1757124352': 9, 'cluster_1863241547_1863241548_1976170214': 5, 'cluster_306484187_cluster_1200363791_1200363826_1200363834_1200363898_1200363927_1200363938_1200363947_1200364074_1200364103_1507566554_1507566556_255882157_306484190': 2, 'gneJ143': 5, 'gneJ207': 7, 'gneJ208': 6, 'gneJ210': 7, 'gneJ255': 15, 'gneJ257': 4}, {'1863241632': 8, '2330725114': 6, '243351999': 1, '243641585': 49, '243749571': 24, '30503246': 2, '30624898': 28, '32564122': 6, '89127267': 27, '89173763': 25, '89173808': 11, 'cluster_1427494838_273472399': 13, 'cluster_1757124350_1757124352': 21, 'cluster_1863241547_1863241548_1976170214': 10, 'cluster_306484187_cluster_1200363791_1200363826_1200363834_1200363898_1200363927_1200363938_1200363947_1200364074_1200364103_1507566554_1507566556_255882157_306484190': 2, 'gneJ143': 20, 'gneJ207': 13, 'gneJ208': 8, 'gneJ210': 23, 'gneJ255': 35, 'gneJ257': 4}, 
60410.0, {'1863241632': -7, '2330725114': -6, '243351999': 6, '243641585': -49, '243749571': -23, '30503246': -2, '30624898': -23, '32564122': 29, '89127267': -10, '89173763': -20, '89173808': -11, 'cluster_1427494838_273472399': -13, 'cluster_1757124350_1757124352': -10, 'cluster_1863241547_1863241548_1976170214': -2, 'cluster_306484187_cluster_1200363791_1200363826_1200363834_1200363898_1200363927_1200363938_1200363947_1200364074_1200364103_1507566554_1507566556_255882157_306484190': 18, 'gneJ143': -8, 'gneJ207': -3, 'gneJ208': 6, 'gneJ210': -23, 'gneJ255': -27, 'gneJ257': -4}, {'1863241632': 5, '2330725114': 3, '243351999': 1, '243641585': 22, '243749571': 15, '30503246': 1, '30624898': 17, '32564122': 7, '89127267': 23, '89173763': 15, '89173808': 6, 'cluster_1427494838_273472399': 4, 'cluster_1757124350_1757124352': 9, 'cluster_1863241547_1863241548_1976170214': 6, 'cluster_306484187_cluster_1200363791_1200363826_1200363834_1200363898_1200363927_1200363938_1200363947_1200364074_1200364103_1507566554_1507566556_255882157_306484190': 2, 'gneJ143': 5, 'gneJ207': 7, 'gneJ208': 4, 'gneJ210': 7, 'gneJ255': 15, 'gneJ257': 4}, {'1863241632': 8, '2330725114': 6, '243351999': 1, '243641585': 49, '243749571': 23, '30503246': 2, '30624898': 28, '32564122': 7, '89127267': 27, '89173763': 28, '89173808': 11, 'cluster_1427494838_273472399': 13, 'cluster_1757124350_1757124352': 21, 'cluster_1863241547_1863241548_1976170214': 10, 'cluster_306484187_cluster_1200363791_1200363826_1200363834_1200363898_1200363927_1200363938_1200363947_1200364074_1200364103_1507566554_1507566556_255882157_306484190': 2, 'gneJ143': 20, 'gneJ207': 13, 'gneJ208': 4, 'gneJ210': 23, 'gneJ255': 35, 'gneJ257': 4}, 
60420.0, {'1863241632': -8, '2330725114': -6, '243351999': 6, '243641585': -49, '243749571': -22, '30503246': -2, '30624898': -23, '32564122': 27, '89127267': -10, '89173763': -22, '89173808': -11, 'cluster_1427494838_273472399': -13, 'cluster_1757124350_1757124352': -10, 'cluster_1863241547_1863241548_1976170214': 1, 'cluster_306484187_cluster_1200363791_1200363826_1200363834_1200363898_1200363927_1200363938_1200363947_1200364074_1200364103_1507566554_1507566556_255882157_306484190': 20, 'gneJ143': -6, 'gneJ207': -3, 'gneJ208': 6, 'gneJ210': -23, 'gneJ255': -27, 'gneJ257': -4}, {'1863241632': 5, '2330725114': 3, '243351999': 1, '243641585': 22, '243749571': 10, '30503246': 1, '30624898': 17, '32564122': 8, '89127267': 23, '89173763': 15, '89173808': 6, 'cluster_1427494838_273472399': 4, 'cluster_1757124350_1757124352': 9, 'cluster_1863241547_1863241548_1976170214': 6, 'cluster_306484187_cluster_1200363791_1200363826_1200363834_1200363898_1200363927_1200363938_1200363947_1200364074_1200364103_1507566554_1507566556_255882157_306484190': 2, 'gneJ143': 4, 'gneJ207': 7, 'gneJ208': 4, 'gneJ210': 7, 'gneJ255': 15, 'gneJ257': 4}, {'1863241632': 8, '2330725114': 6, '243351999': 1, '243641585': 49, '243749571': 22, '30503246': 2, '30624898': 28, '32564122': 9, '89127267': 27, '89173763': 28, '89173808': 11, 'cluster_1427494838_273472399': 13, 'cluster_1757124350_1757124352': 21, 'cluster_1863241547_1863241548_1976170214': 7, 'cluster_306484187_cluster_1200363791_1200363826_1200363834_1200363898_1200363927_1200363938_1200363947_1200364074_1200364103_1507566554_1507566556_255882157_306484190': 2, 'gneJ143': 18, 'gneJ207': 13, 'gneJ208': 4, 'gneJ210': 23, 'gneJ255': 35, 'gneJ257': 4}, 
60430.0, {'1863241632': -6, '2330725114': -6, '243351999': 5, '243641585': -49, '243749571': -16, '30503246': -2, '30624898': -23, '32564122': 27, '89127267': -10, '89173763': -22, '89173808': -11, 'cluster_1427494838_273472399': -13, 'cluster_1757124350_1757124352': -10, 'cluster_1863241547_1863241548_1976170214': -5, 'cluster_306484187_cluster_1200363791_1200363826_1200363834_1200363898_1200363927_1200363938_1200363947_1200364074_1200364103_1507566554_1507566556_255882157_306484190': 20, 'gneJ143': -5, 'gneJ207': -3, 'gneJ208': 9, 'gneJ210': -23, 'gneJ255': -27, 'gneJ257': -4}, {'1863241632': 5, '2330725114': 3, '243351999': 2, '243641585': 22, '243749571': 10, '30503246': 1, '30624898': 17, '32564122': 8, '89127267': 23, '89173763': 15, '89173808': 6, 'cluster_1427494838_273472399': 4, 'cluster_1757124350_1757124352': 9, 'cluster_1863241547_1863241548_1976170214': 6, 'cluster_306484187_cluster_1200363791_1200363826_1200363834_1200363898_1200363927_1200363938_1200363947_1200364074_1200364103_1507566554_1507566556_255882157_306484190': 2, 'gneJ143': 4, 'gneJ207': 7, 'gneJ208': 1, 'gneJ210': 7, 'gneJ255': 15, 'gneJ257': 4}, {'1863241632': 6, '2330725114': 6, '243351999': 2, '243641585': 49, '243749571': 17, '30503246': 2, '30624898': 28, '32564122': 9, '89127267': 27, '89173763': 25, '89173808': 11, 'cluster_1427494838_273472399': 13, 'cluster_1757124350_1757124352': 21, 'cluster_1863241547_1863241548_1976170214': 8, 'cluster_306484187_cluster_1200363791_1200363826_1200363834_1200363898_1200363927_1200363938_1200363947_1200364074_1200364103_1507566554_1507566556_255882157_306484190': 2, 'gneJ143': 17, 'gneJ207': 13, 'gneJ208': 2, 'gneJ210': 23, 'gneJ255': 35, 'gneJ257': 4}, 
60440.0, {'1863241632': -6, '2330725114': -6, '243351999': -2, '243641585': -49, '243749571': -15, '30503246': -2, '30624898': -23, '32564122': 27, '89127267': -10, '89173763': -13, '89173808': -11, 'cluster_1427494838_273472399': -13, 'cluster_1757124350_1757124352': -10, 'cluster_1863241547_1863241548_1976170214': -9, 'cluster_306484187_cluster_1200363791_1200363826_1200363834_1200363898_1200363927_1200363938_1200363947_1200364074_1200364103_1507566554_1507566556_255882157_306484190': 20, 'gneJ143': -8, 'gneJ207': -3, 'gneJ208': 6, 'gneJ210': -23, 'gneJ255': -27, 'gneJ257': -4}, {'1863241632': 5, '2330725114': 3, '243351999': 5, '243641585': 22, '243749571': 7, '30503246': 1, '30624898': 17, '32564122': 8, '89127267': 23, '89173763': 12, '89173808': 6, 'cluster_1427494838_273472399': 4, 'cluster_1757124350_1757124352': 9, 'cluster_1863241547_1863241548_1976170214': 6, 'cluster_306484187_cluster_1200363791_1200363826_1200363834_1200363898_1200363927_1200363938_1200363947_1200364074_1200364103_1507566554_1507566556_255882157_306484190': 2, 'gneJ143': 5, 'gneJ207': 7, 'gneJ208': 4, 'gneJ210': 7, 'gneJ255': 15, 'gneJ257': 4}, {'1863241632': 6, '2330725114': 6, '243351999': 5, '243641585': 49, '243749571': 15, '30503246': 2, '30624898': 28, '32564122': 9, '89127267': 27, '89173763': 18, '89173808': 11, 'cluster_1427494838_273472399': 13, 'cluster_1757124350_1757124352': 21, 'cluster_1863241547_1863241548_1976170214': 12, 'cluster_306484187_cluster_1200363791_1200363826_1200363834_1200363898_1200363927_1200363938_1200363947_1200364074_1200364103_1507566554_1507566556_255882157_306484190': 2, 'gneJ143': 20, 'gneJ207': 13, 'gneJ208': 4, 'gneJ210': 23, 'gneJ255': 35, 'gneJ257': 4}, 
60450.0, {'1863241632': -6, '2330725114': 0, '243351999': -6, '243641585': -49, '243749571': -12, '30503246': -2, '30624898': -23, '32564122': 27, '89127267': -10, '89173763': -15, '89173808': -11, 'cluster_1427494838_273472399': -13, 'cluster_1757124350_1757124352': -10, 'cluster_1863241547_1863241548_1976170214': -13, 'cluster_306484187_cluster_1200363791_1200363826_1200363834_1200363898_1200363927_1200363938_1200363947_1200364074_1200364103_1507566554_1507566556_255882157_306484190': 20, 'gneJ143': -8, 'gneJ207': -3, 'gneJ208': -3, 'gneJ210': -23, 'gneJ255': -27, 'gneJ257': -4}, {'1863241632': 5, '2330725114': 0, '243351999': 9, '243641585': 22, '243749571': 7, '30503246': 1, '30624898': 17, '32564122': 8, '89127267': 23, '89173763': 12, '89173808': 6, 'cluster_1427494838_273472399': 4, 'cluster_1757124350_1757124352': 9, 'cluster_1863241547_1863241548_1976170214': 6, 'cluster_306484187_cluster_1200363791_1200363826_1200363834_1200363898_1200363927_1200363938_1200363947_1200364074_1200364103_1507566554_1507566556_255882157_306484190': 2, 'gneJ143': 5, 'gneJ207': 7, 'gneJ208': 4, 'gneJ210': 7, 'gneJ255': 15, 'gneJ257': 4}, {'1863241632': 6, '2330725114': 0, '243351999': 9, '243641585': 49, '243749571': 16, '30503246': 2, '30624898': 28, '32564122': 9, '89127267': 27, '89173763': 18, '89173808': 11, 'cluster_1427494838_273472399': 13, 'cluster_1757124350_1757124352': 21, 'cluster_1863241547_1863241548_1976170214': 16, 'cluster_306484187_cluster_1200363791_1200363826_1200363834_1200363898_1200363927_1200363938_1200363947_1200364074_1200364103_1507566554_1507566556_255882157_306484190': 2, 'gneJ143': 20, 'gneJ207': 13, 'gneJ208': 4, 'gneJ210': 23, 'gneJ255': 35, 'gneJ257': 4}, 
60460.0, {'1863241632': -2, '2330725114': -7, '243351999': -7, '243641585': -49, '243749571': -7, '30503246': -2, '30624898': -23, '32564122': 27, '89127267': -10, '89173763': -13, '89173808': -11, 'cluster_1427494838_273472399': -13, 'cluster_1757124350_1757124352': -10, 'cluster_1863241547_1863241548_1976170214': -16, 'cluster_306484187_cluster_1200363791_1200363826_1200363834_1200363898_1200363927_1200363938_1200363947_1200364074_1200364103_1507566554_1507566556_255882157_306484190': 20, 'gneJ143': -8, 'gneJ207': -3, 'gneJ208': -4, 'gneJ210': -23, 'gneJ255': -27, 'gneJ257': -4}, {'1863241632': 5, '2330725114': 4, '243351999': 10, '243641585': 22, '243749571': 10, '30503246': 1, '30624898': 17, '32564122': 8, '89127267': 23, '89173763': 12, '89173808': 6, 'cluster_1427494838_273472399': 4, 'cluster_1757124350_1757124352': 9, 'cluster_1863241547_1863241548_1976170214': 6, 'cluster_306484187_cluster_1200363791_1200363826_1200363834_1200363898_1200363927_1200363938_1200363947_1200364074_1200364103_1507566554_1507566556_255882157_306484190': 2, 'gneJ143': 5, 'gneJ207': 7, 'gneJ208': 8, 'gneJ210': 7, 'gneJ255': 15, 'gneJ257': 4}, {'1863241632': 6, '2330725114': 7, '243351999': 10, '243641585': 49, '243749571': 15, '30503246': 2, '30624898': 28, '32564122': 9, '89127267': 27, '89173763': 18, '89173808': 11, 'cluster_1427494838_273472399': 13, 'cluster_1757124350_1757124352': 21, 'cluster_1863241547_1863241548_1976170214': 19, 'cluster_306484187_cluster_1200363791_1200363826_1200363834_1200363898_1200363927_1200363938_1200363947_1200364074_1200364103_1507566554_1507566556_255882157_306484190': 2, 'gneJ143': 20, 'gneJ207': 13, 'gneJ208': 8, 'gneJ210': 23, 'gneJ255': 35, 'gneJ257': 4}, 
60470.0, {'1863241632': 3, '2330725114': -13, '243351999': -9, '243641585': -49, '243749571': -9, '30503246': -2, '30624898': -23, '32564122': 27, '89127267': -10, '89173763': -18, '89173808': -11, 'cluster_1427494838_273472399': -13, 'cluster_1757124350_1757124352': -10, 'cluster_1863241547_1863241548_1976170214': -17, 'cluster_306484187_cluster_1200363791_1200363826_1200363834_1200363898_1200363927_1200363938_1200363947_1200364074_1200364103_1507566554_1507566556_255882157_306484190': 20, 'gneJ143': -8, 'gneJ207': -3, 'gneJ208': -8, 'gneJ210': -23, 'gneJ255': -27, 'gneJ257': -4}, {'1863241632': 5, '2330725114': 9, '243351999': 13, '243641585': 22, '243749571': 16, '30503246': 1, '30624898': 17, '32564122': 8, '89127267': 23, '89173763': 15, '89173808': 6, 'cluster_1427494838_273472399': 4, 'cluster_1757124350_1757124352': 9, 'cluster_1863241547_1863241548_1976170214': 6, 'cluster_306484187_cluster_1200363791_1200363826_1200363834_1200363898_1200363927_1200363938_1200363947_1200364074_1200364103_1507566554_1507566556_255882157_306484190': 2, 'gneJ143': 5, 'gneJ207': 7, 'gneJ208': 9, 'gneJ210': 7, 'gneJ255': 15, 'gneJ257': 4}, {'1863241632': 6, '2330725114': 13, '243351999': 13, '243641585': 49, '243749571': 18, '30503246': 2, '30624898': 28, '32564122': 9, '89127267': 27, '89173763': 23, '89173808': 11, 'cluster_1427494838_273472399': 13, 'cluster_1757124350_1757124352': 21, 'cluster_1863241547_1863241548_1976170214': 20, 'cluster_306484187_cluster_1200363791_1200363826_1200363834_1200363898_1200363927_1200363938_1200363947_1200364074_1200364103_1507566554_1507566556_255882157_306484190': 2, 'gneJ143': 20, 'gneJ207': 13, 'gneJ208': 13, 'gneJ210': 23, 'gneJ255': 35, 'gneJ257': 4}, 
60480.0, {'1863241632': 3, '2330725114': -15, '243351999': -9, '243641585': -49, '243749571': -9, '30503246': -2, '30624898': -23, '32564122': 27, '89127267': -10, '89173763': -21, '89173808': -11, 'cluster_1427494838_273472399': -13, 'cluster_1757124350_1757124352': -10, 'cluster_1863241547_1863241548_1976170214': -15, 'cluster_306484187_cluster_1200363791_1200363826_1200363834_1200363898_1200363927_1200363938_1200363947_1200364074_1200364103_1507566554_1507566556_255882157_306484190': 20, 'gneJ143': -8, 'gneJ207': -3, 'gneJ208': -8, 'gneJ210': -23, 'gneJ255': -27, 'gneJ257': -4}, {'1863241632': 5, '2330725114': 9, '243351999': 13, '243641585': 22, '243749571': 18, '30503246': 1, '30624898': 17, '32564122': 8, '89127267': 23, '89173763': 15, '89173808': 6, 'cluster_1427494838_273472399': 4, 'cluster_1757124350_1757124352': 9, 'cluster_1863241547_1863241548_1976170214': 6, 'cluster_306484187_cluster_1200363791_1200363826_1200363834_1200363898_1200363927_1200363938_1200363947_1200364074_1200364103_1507566554_1507566556_255882157_306484190': 2, 'gneJ143': 5, 'gneJ207': 7, 'gneJ208': 10, 'gneJ210': 7, 'gneJ255': 15, 'gneJ257': 4}, {'1863241632': 6, '2330725114': 15, '243351999': 13, '243641585': 49, '243749571': 19, '30503246': 2, '30624898': 28, '32564122': 9, '89127267': 27, '89173763': 24, '89173808': 11, 'cluster_1427494838_273472399': 13, 'cluster_1757124350_1757124352': 21, 'cluster_1863241547_1863241548_1976170214': 18, 'cluster_306484187_cluster_1200363791_1200363826_1200363834_1200363898_1200363927_1200363938_1200363947_1200364074_1200364103_1507566554_1507566556_255882157_306484190': 2, 'gneJ143': 20, 'gneJ207': 13, 'gneJ208': 15, 'gneJ210': 23, 'gneJ255': 35, 'gneJ257': 4}, 
60490.0, {'1863241632': 1, '2330725114': -12, '243351999': -10, '243641585': -49, '243749571': -9, '30503246': -2, '30624898': -23, '32564122': 27, '89127267': -10, '89173763': -20, '89173808': -11, 'cluster_1427494838_273472399': -13, 'cluster_1757124350_1757124352': -10, 'cluster_1863241547_1863241548_1976170214': -19, 'cluster_306484187_cluster_1200363791_1200363826_1200363834_1200363898_1200363927_1200363938_1200363947_1200364074_1200364103_1507566554_1507566556_255882157_306484190': 20, 'gneJ143': -8, 'gneJ207': -3, 'gneJ208': -4, 'gneJ210': -23, 'gneJ255': -27, 'gneJ257': -4}, {'1863241632': 5, '2330725114': 6, '243351999': 14, '243641585': 22, '243749571': 18, '30503246': 1, '30624898': 17, '32564122': 8, '89127267': 23, '89173763': 15, '89173808': 6, 'cluster_1427494838_273472399': 4, 'cluster_1757124350_1757124352': 9, 'cluster_1863241547_1863241548_1976170214': 6, 'cluster_306484187_cluster_1200363791_1200363826_1200363834_1200363898_1200363927_1200363938_1200363947_1200364074_1200364103_1507566554_1507566556_255882157_306484190': 2, 'gneJ143': 5, 'gneJ207': 7, 'gneJ208': 10, 'gneJ210': 7, 'gneJ255': 15, 'gneJ257': 4}, {'1863241632': 6, '2330725114': 12, '243351999': 14, '243641585': 49, '243749571': 19, '30503246': 2, '30624898': 28, '32564122': 9, '89127267': 27, '89173763': 24, '89173808': 11, 'cluster_1427494838_273472399': 13, 'cluster_1757124350_1757124352': 21, 'cluster_1863241547_1863241548_1976170214': 22, 'cluster_306484187_cluster_1200363791_1200363826_1200363834_1200363898_1200363927_1200363938_1200363947_1200364074_1200364103_1507566554_1507566556_255882157_306484190': 2, 'gneJ143': 20, 'gneJ207': 13, 'gneJ208': 11, 'gneJ210': 23, 'gneJ255': 35, 'gneJ257': 4}, 
60500.0, {'1863241632': -5, '2330725114': -7, '243351999': -10, '243641585': -49, '243749571': -7, '30503246': -2, '30624898': -23, '32564122': 27, '89127267': -10, '89173763': -20, '89173808': -11, 'cluster_1427494838_273472399': -13, 'cluster_1757124350_1757124352': -10, 'cluster_1863241547_1863241548_1976170214': -19, 'cluster_306484187_cluster_1200363791_1200363826_1200363834_1200363898_1200363927_1200363938_1200363947_1200364074_1200364103_1507566554_1507566556_255882157_306484190': 20, 'gneJ143': -8, 'gneJ207': -3, 'gneJ208': -3, 'gneJ210': -23, 'gneJ255': -27, 'gneJ257': -4}, {'1863241632': 5, '2330725114': 3, '243351999': 14, '243641585': 22, '243749571': 15, '30503246': 1, '30624898': 17, '32564122': 8, '89127267': 23, '89173763': 15, '89173808': 6, 'cluster_1427494838_273472399': 4, 'cluster_1757124350_1757124352': 9, 'cluster_1863241547_1863241548_1976170214': 6, 'cluster_306484187_cluster_1200363791_1200363826_1200363834_1200363898_1200363927_1200363938_1200363947_1200364074_1200364103_1507566554_1507566556_255882157_306484190': 2, 'gneJ143': 5, 'gneJ207': 7, 'gneJ208': 10, 'gneJ210': 7, 'gneJ255': 15, 'gneJ257': 4}, {'1863241632': 6, '2330725114': 7, '243351999': 14, '243641585': 49, '243749571': 17, '30503246': 2, '30624898': 28, '32564122': 9, '89127267': 27, '89173763': 24, '89173808': 11, 'cluster_1427494838_273472399': 13, 'cluster_1757124350_1757124352': 21, 'cluster_1863241547_1863241548_1976170214': 22, 'cluster_306484187_cluster_1200363791_1200363826_1200363834_1200363898_1200363927_1200363938_1200363947_1200364074_1200364103_1507566554_1507566556_255882157_306484190': 2, 'gneJ143': 20, 'gneJ207': 13, 'gneJ208': 10, 'gneJ210': 23, 'gneJ255': 35, 'gneJ257': 4}, 
60510.0, {'1863241632': -5, '2330725114': -6, '243351999': -10, '243641585': -49, '243749571': -5, '30503246': -2, '30624898': -23, '32564122': 27, '89127267': -10, '89173763': -19, '89173808': -11, 'cluster_1427494838_273472399': -13, 'cluster_1757124350_1757124352': -10, 'cluster_1863241547_1863241548_1976170214': -25, 'cluster_306484187_cluster_1200363791_1200363826_1200363834_1200363898_1200363927_1200363938_1200363947_1200364074_1200364103_1507566554_1507566556_255882157_306484190': 20, 'gneJ143': -8, 'gneJ207': -3, 'gneJ208': -3, 'gneJ210': -23, 'gneJ255': -27, 'gneJ257': -4}, {'1863241632': 5, '2330725114': 3, '243351999': 14, '243641585': 22, '243749571': 10, '30503246': 1, '30624898': 17, '32564122': 8, '89127267': 23, '89173763': 15, '89173808': 6, 'cluster_1427494838_273472399': 4, 'cluster_1757124350_1757124352': 9, 'cluster_1863241547_1863241548_1976170214': 7, 'cluster_306484187_cluster_1200363791_1200363826_1200363834_1200363898_1200363927_1200363938_1200363947_1200364074_1200364103_1507566554_1507566556_255882157_306484190': 2, 'gneJ143': 5, 'gneJ207': 7, 'gneJ208': 10, 'gneJ210': 7, 'gneJ255': 15, 'gneJ257': 4}, {'1863241632': 6, '2330725114': 6, '243351999': 14, '243641585': 49, '243749571': 15, '30503246': 2, '30624898': 28, '32564122': 9, '89127267': 27, '89173763': 21, '89173808': 11, 'cluster_1427494838_273472399': 13, 'cluster_1757124350_1757124352': 21, 'cluster_1863241547_1863241548_1976170214': 25, 'cluster_306484187_cluster_1200363791_1200363826_1200363834_1200363898_1200363927_1200363938_1200363947_1200364074_1200364103_1507566554_1507566556_255882157_306484190': 2, 'gneJ143': 20, 'gneJ207': 13, 'gneJ208': 10, 'gneJ210': 23, 'gneJ255': 35, 'gneJ257': 4}, 
60520.0, {'1863241632': -6, '2330725114': -6, '243351999': -10, '243641585': -49, '243749571': -7, '30503246': -2, '30624898': -23, '32564122': 27, '89127267': -10, '89173763': -21, '89173808': -11, 'cluster_1427494838_273472399': -13, 'cluster_1757124350_1757124352': -10, 'cluster_1863241547_1863241548_1976170214': -22, 'cluster_306484187_cluster_1200363791_1200363826_1200363834_1200363898_1200363927_1200363938_1200363947_1200364074_1200364103_1507566554_1507566556_255882157_306484190': 20, 'gneJ143': -8, 'gneJ207': -3, 'gneJ208': -4, 'gneJ210': -23, 'gneJ255': -27, 'gneJ257': -4}, {'1863241632': 5, '2330725114': 3, '243351999': 14, '243641585': 22, '243749571': 10, '30503246': 1, '30624898': 17, '32564122': 8, '89127267': 23, '89173763': 15, '89173808': 6, 'cluster_1427494838_273472399': 4, 'cluster_1757124350_1757124352': 9, 'cluster_1863241547_1863241548_1976170214': 7, 'cluster_306484187_cluster_1200363791_1200363826_1200363834_1200363898_1200363927_1200363938_1200363947_1200364074_1200364103_1507566554_1507566556_255882157_306484190': 2, 'gneJ143': 5, 'gneJ207': 7, 'gneJ208': 10, 'gneJ210': 7, 'gneJ255': 15, 'gneJ257': 4}, {'1863241632': 6, '2330725114': 6, '243351999': 14, '243641585': 49, '243749571': 17, '30503246': 2, '30624898': 28, '32564122': 9, '89127267': 27, '89173763': 21, '89173808': 11, 'cluster_1427494838_273472399': 13, 'cluster_1757124350_1757124352': 21, 'cluster_1863241547_1863241548_1976170214': 22, 'cluster_306484187_cluster_1200363791_1200363826_1200363834_1200363898_1200363927_1200363938_1200363947_1200364074_1200364103_1507566554_1507566556_255882157_306484190': 2, 'gneJ143': 20, 'gneJ207': 13, 'gneJ208': 10, 'gneJ210': 23, 'gneJ255': 35, 'gneJ257': 4}, 
60530.0, {'1863241632': -6, '2330725114': -6, '243351999': -10, '243641585': -49, '243749571': -3, '30503246': -2, '30624898': -23, '32564122': 27, '89127267': -10, '89173763': -20, '89173808': -11, 'cluster_1427494838_273472399': -13, 'cluster_1757124350_1757124352': -10, 'cluster_1863241547_1863241548_1976170214': -23, 'cluster_306484187_cluster_1200363791_1200363826_1200363834_1200363898_1200363927_1200363938_1200363947_1200364074_1200364103_1507566554_1507566556_255882157_306484190': 20, 'gneJ143': -8, 'gneJ207': -3, 'gneJ208': -1, 'gneJ210': -23, 'gneJ255': -27, 'gneJ257': -4}, {'1863241632': 5, '2330725114': 3, '243351999': 14, '243641585': 22, '243749571': 10, '30503246': 1, '30624898': 17, '32564122': 8, '89127267': 23, '89173763': 15, '89173808': 6, 'cluster_1427494838_273472399': 4, 'cluster_1757124350_1757124352': 9, 'cluster_1863241547_1863241548_1976170214': 7, 'cluster_306484187_cluster_1200363791_1200363826_1200363834_1200363898_1200363927_1200363938_1200363947_1200364074_1200364103_1507566554_1507566556_255882157_306484190': 2, 'gneJ143': 5, 'gneJ207': 7, 'gneJ208': 7, 'gneJ210': 7, 'gneJ255': 15, 'gneJ257': 4}, {'1863241632': 6, '2330725114': 6, '243351999': 14, '243641585': 49, '243749571': 10, '30503246': 2, '30624898': 28, '32564122': 9, '89127267': 27, '89173763': 21, '89173808': 11, 'cluster_1427494838_273472399': 13, 'cluster_1757124350_1757124352': 21, 'cluster_1863241547_1863241548_1976170214': 23, 'cluster_306484187_cluster_1200363791_1200363826_1200363834_1200363898_1200363927_1200363938_1200363947_1200364074_1200364103_1507566554_1507566556_255882157_306484190': 2, 'gneJ143': 20, 'gneJ207': 13, 'gneJ208': 7, 'gneJ210': 23, 'gneJ255': 35, 'gneJ257': 4}, 
60540.0, {'1863241632': -6, '2330725114': -6, '243351999': -10, '243641585': -49, '243749571': -8, '30503246': -2, '30624898': -23, '32564122': 27, '89127267': -10, '89173763': -20, '89173808': -11, 'cluster_1427494838_273472399': -13, 'cluster_1757124350_1757124352': -10, 'cluster_1863241547_1863241548_1976170214': -23, 'cluster_306484187_cluster_1200363791_1200363826_1200363834_1200363898_1200363927_1200363938_1200363947_1200364074_1200364103_1507566554_1507566556_255882157_306484190': 20, 'gneJ143': -8, 'gneJ207': -3, 'gneJ208': -1, 'gneJ210': -23, 'gneJ255': -27, 'gneJ257': -4}, {'1863241632': 5, '2330725114': 3, '243351999': 14, '243641585': 22, '243749571': 13, '30503246': 1, '30624898': 17, '32564122': 8, '89127267': 23, '89173763': 15, '89173808': 6, 'cluster_1427494838_273472399': 4, 'cluster_1757124350_1757124352': 9, 'cluster_1863241547_1863241548_1976170214': 7, 'cluster_306484187_cluster_1200363791_1200363826_1200363834_1200363898_1200363927_1200363938_1200363947_1200364074_1200364103_1507566554_1507566556_255882157_306484190': 2, 'gneJ143': 5, 'gneJ207': 7, 'gneJ208': 7, 'gneJ210': 7, 'gneJ255': 15, 'gneJ257': 4}, {'1863241632': 6, '2330725114': 6, '243351999': 14, '243641585': 49, '243749571': 15, '30503246': 2, '30624898': 28, '32564122': 9, '89127267': 27, '89173763': 21, '89173808': 11, 'cluster_1427494838_273472399': 13, 'cluster_1757124350_1757124352': 21, 'cluster_1863241547_1863241548_1976170214': 23, 'cluster_306484187_cluster_1200363791_1200363826_1200363834_1200363898_1200363927_1200363938_1200363947_1200364074_1200364103_1507566554_1507566556_255882157_306484190': 2, 'gneJ143': 20, 'gneJ207': 13, 'gneJ208': 7, 'gneJ210': 23, 'gneJ255': 35, 'gneJ257': 4}, 
60550.0, {'1863241632': -6, '2330725114': -6, '243351999': -10, '243641585': -49, '243749571': -7, '30503246': -2, '30624898': -23, '32564122': 27, '89127267': -10, '89173763': -20, '89173808': -11, 'cluster_1427494838_273472399': -13, 'cluster_1757124350_1757124352': -10, 'cluster_1863241547_1863241548_1976170214': -23, 'cluster_306484187_cluster_1200363791_1200363826_1200363834_1200363898_1200363927_1200363938_1200363947_1200364074_1200364103_1507566554_1507566556_255882157_306484190': 20, 'gneJ143': -8, 'gneJ207': -3, 'gneJ208': -2, 'gneJ210': -23, 'gneJ255': -27, 'gneJ257': -4}, {'1863241632': 5, '2330725114': 3, '243351999': 14, '243641585': 22, '243749571': 15, '30503246': 1, '30624898': 17, '32564122': 8, '89127267': 23, '89173763': 15, '89173808': 6, 'cluster_1427494838_273472399': 4, 'cluster_1757124350_1757124352': 9, 'cluster_1863241547_1863241548_1976170214': 7, 'cluster_306484187_cluster_1200363791_1200363826_1200363834_1200363898_1200363927_1200363938_1200363947_1200364074_1200364103_1507566554_1507566556_255882157_306484190': 2, 'gneJ143': 5, 'gneJ207': 7, 'gneJ208': 8, 'gneJ210': 7, 'gneJ255': 15, 'gneJ257': 4}, {'1863241632': 6, '2330725114': 6, '243351999': 14, '243641585': 49, '243749571': 15, '30503246': 2, '30624898': 28, '32564122': 9, '89127267': 27, '89173763': 21, '89173808': 11, 'cluster_1427494838_273472399': 13, 'cluster_1757124350_1757124352': 21, 'cluster_1863241547_1863241548_1976170214': 23, 'cluster_306484187_cluster_1200363791_1200363826_1200363834_1200363898_1200363927_1200363938_1200363947_1200364074_1200364103_1507566554_1507566556_255882157_306484190': 2, 'gneJ143': 20, 'gneJ207': 13, 'gneJ208': 8, 'gneJ210': 23, 'gneJ255': 35, 'gneJ257': 4}, 
60560.0, {'1863241632': -6, '2330725114': -6, '243351999': -10, '243641585': -49, '243749571': -6, '30503246': -2, '30624898': -23, '32564122': 27, '89127267': -10, '89173763': -20, '89173808': -11, 'cluster_1427494838_273472399': -13, 'cluster_1757124350_1757124352': -10, 'cluster_1863241547_1863241548_1976170214': -23, 'cluster_306484187_cluster_1200363791_1200363826_1200363834_1200363898_1200363927_1200363938_1200363947_1200364074_1200364103_1507566554_1507566556_255882157_306484190': 20, 'gneJ143': -8, 'gneJ207': -3, 'gneJ208': -1, 'gneJ210': -15, 'gneJ255': -35, 'gneJ257': -4}, {'1863241632': 5, '2330725114': 3, '243351999': 14, '243641585': 22, '243749571': 10, '30503246': 1, '30624898': 17, '32564122': 8, '89127267': 23, '89173763': 15, '89173808': 6, 'cluster_1427494838_273472399': 4, 'cluster_1757124350_1757124352': 9, 'cluster_1863241547_1863241548_1976170214': 7, 'cluster_306484187_cluster_1200363791_1200363826_1200363834_1200363898_1200363927_1200363938_1200363947_1200364074_1200364103_1507566554_1507566556_255882157_306484190': 2, 'gneJ143': 5, 'gneJ207': 7, 'gneJ208': 7, 'gneJ210': 7, 'gneJ255': 15, 'gneJ257': 4}, {'1863241632': 6, '2330725114': 6, '243351999': 14, '243641585': 49, '243749571': 13, '30503246': 2, '30624898': 28, '32564122': 9, '89127267': 27, '89173763': 21, '89173808': 11, 'cluster_1427494838_273472399': 13, 'cluster_1757124350_1757124352': 21, 'cluster_1863241547_1863241548_1976170214': 23, 'cluster_306484187_cluster_1200363791_1200363826_1200363834_1200363898_1200363927_1200363938_1200363947_1200364074_1200364103_1507566554_1507566556_255882157_306484190': 2, 'gneJ143': 20, 'gneJ207': 13, 'gneJ208': 7, 'gneJ210': 15, 'gneJ255': 35, 'gneJ257': 4}, 
60570.0, {'1863241632': -6, '2330725114': -6, '243351999': -10, '243641585': -49, '243749571': 0, '30503246': -2, '30624898': -23, '32564122': 27, '89127267': -10, '89173763': -20, '89173808': -11, 'cluster_1427494838_273472399': -13, 'cluster_1757124350_1757124352': -10, 'cluster_1863241547_1863241548_1976170214': -23, 'cluster_306484187_cluster_1200363791_1200363826_1200363834_1200363898_1200363927_1200363938_1200363947_1200364074_1200364103_1507566554_1507566556_255882157_306484190': 20, 'gneJ143': -8, 'gneJ207': -3, 'gneJ208': -4, 'gneJ210': -22, 'gneJ255': -28, 'gneJ257': -4}, {'1863241632': 5, '2330725114': 3, '243351999': 14, '243641585': 22, '243749571': 10, '30503246': 1, '30624898': 17, '32564122': 8, '89127267': 23, '89173763': 15, '89173808': 6, 'cluster_1427494838_273472399': 4, 'cluster_1757124350_1757124352': 9, 'cluster_1863241547_1863241548_1976170214': 7, 'cluster_306484187_cluster_1200363791_1200363826_1200363834_1200363898_1200363927_1200363938_1200363947_1200364074_1200364103_1507566554_1507566556_255882157_306484190': 2, 'gneJ143': 5, 'gneJ207': 7, 'gneJ208': 10, 'gneJ210': 7, 'gneJ255': 15, 'gneJ257': 4}, {'1863241632': 6, '2330725114': 6, '243351999': 14, '243641585': 49, '243749571': 10, '30503246': 2, '30624898': 28, '32564122': 9, '89127267': 27, '89173763': 21, '89173808': 11, 'cluster_1427494838_273472399': 13, 'cluster_1757124350_1757124352': 21, 'cluster_1863241547_1863241548_1976170214': 23, 'cluster_306484187_cluster_1200363791_1200363826_1200363834_1200363898_1200363927_1200363938_1200363947_1200364074_1200364103_1507566554_1507566556_255882157_306484190': 2, 'gneJ143': 20, 'gneJ207': 13, 'gneJ208': 10, 'gneJ210': 22, 'gneJ255': 35, 'gneJ257': 4}, 
60580.0, {'1863241632': -5, '2330725114': -6, '243351999': -8, '243641585': -49, '243749571': 0, '30503246': -2, '30624898': -23, '32564122': 26, '89127267': -10, '89173763': -22, '89173808': -11, 'cluster_1427494838_273472399': -13, 'cluster_1757124350_1757124352': -10, 'cluster_1863241547_1863241548_1976170214': -24, 'cluster_306484187_cluster_1200363791_1200363826_1200363834_1200363898_1200363927_1200363938_1200363947_1200364074_1200364103_1507566554_1507566556_255882157_306484190': 20, 'gneJ143': -8, 'gneJ207': -3, 'gneJ208': -4, 'gneJ210': -16, 'gneJ255': -30, 'gneJ257': -4}, {'1863241632': 5, '2330725114': 3, '243351999': 14, '243641585': 22, '243749571': 10, '30503246': 1, '30624898': 17, '32564122': 8, '89127267': 23, '89173763': 15, '89173808': 6, 'cluster_1427494838_273472399': 4, 'cluster_1757124350_1757124352': 9, 'cluster_1863241547_1863241548_1976170214': 7, 'cluster_306484187_cluster_1200363791_1200363826_1200363834_1200363898_1200363927_1200363938_1200363947_1200364074_1200364103_1507566554_1507566556_255882157_306484190': 2, 'gneJ143': 5, 'gneJ207': 7, 'gneJ208': 10, 'gneJ210': 6, 'gneJ255': 15, 'gneJ257': 4}, {'1863241632': 6, '2330725114': 6, '243351999': 14, '243641585': 49, '243749571': 10, '30503246': 2, '30624898': 28, '32564122': 9, '89127267': 27, '89173763': 23, '89173808': 11, 'cluster_1427494838_273472399': 13, 'cluster_1757124350_1757124352': 21, 'cluster_1863241547_1863241548_1976170214': 24, 'cluster_306484187_cluster_1200363791_1200363826_1200363834_1200363898_1200363927_1200363938_1200363947_1200364074_1200364103_1507566554_1507566556_255882157_306484190': 2, 'gneJ143': 20, 'gneJ207': 13, 'gneJ208': 10, 'gneJ210': 16, 'gneJ255': 34, 'gneJ257': 4}, 
60590.0, {'1863241632': -5, '2330725114': -5, '243351999': -8, '243641585': -49, '243749571': -7, '30503246': -2, '30624898': -23, '32564122': 18, '89127267': -10, '89173763': -22, '89173808': -11, 'cluster_1427494838_273472399': -13, 'cluster_1757124350_1757124352': -10, 'cluster_1863241547_1863241548_1976170214': -24, 'cluster_306484187_cluster_1200363791_1200363826_1200363834_1200363898_1200363927_1200363938_1200363947_1200364074_1200364103_1507566554_1507566556_255882157_306484190': 20, 'gneJ143': -8, 'gneJ207': -3, 'gneJ208': -5, 'gneJ210': -21, 'gneJ255': -18, 'gneJ257': -4}, {'1863241632': 5, '2330725114': 3, '243351999': 14, '243641585': 22, '243749571': 16, '30503246': 1, '30624898': 17, '32564122': 8, '89127267': 23, '89173763': 15, '89173808': 6, 'cluster_1427494838_273472399': 4, 'cluster_1757124350_1757124352': 9, 'cluster_1863241547_1863241548_1976170214': 7, 'cluster_306484187_cluster_1200363791_1200363826_1200363834_1200363898_1200363927_1200363938_1200363947_1200364074_1200364103_1507566554_1507566556_255882157_306484190': 2, 'gneJ143': 5, 'gneJ207': 7, 'gneJ208': 10, 'gneJ210': 7, 'gneJ255': 11, 'gneJ257': 4}, {'1863241632': 6, '2330725114': 6, '243351999': 14, '243641585': 49, '243749571': 17, '30503246': 2, '30624898': 28, '32564122': 9, '89127267': 27, '89173763': 23, '89173808': 11, 'cluster_1427494838_273472399': 13, 'cluster_1757124350_1757124352': 21, 'cluster_1863241547_1863241548_1976170214': 24, 'cluster_306484187_cluster_1200363791_1200363826_1200363834_1200363898_1200363927_1200363938_1200363947_1200364074_1200364103_1507566554_1507566556_255882157_306484190': 2, 'gneJ143': 20, 'gneJ207': 13, 'gneJ208': 11, 'gneJ210': 21, 'gneJ255': 26, 'gneJ257': 4}, 
60600.0, {'1863241632': -5, '2330725114': -5, '243351999': -8, '243641585': -49, '243749571': -9, '30503246': -2, '30624898': -23, '32564122': 13, '89127267': -10, '89173763': -23, '89173808': -11, 'cluster_1427494838_273472399': -13, 'cluster_1757124350_1757124352': -10, 'cluster_1863241547_1863241548_1976170214': -25, 'cluster_306484187_cluster_1200363791_1200363826_1200363834_1200363898_1200363927_1200363938_1200363947_1200364074_1200364103_1507566554_1507566556_255882157_306484190': 20, 'gneJ143': -8, 'gneJ207': -3, 'gneJ208': -5, 'gneJ210': -22, 'gneJ255': -13, 'gneJ257': -4}, {'1863241632': 5, '2330725114': 3, '243351999': 14, '243641585': 22, '243749571': 18, '30503246': 1, '30624898': 17, '32564122': 8, '89127267': 23, '89173763': 15, '89173808': 6, 'cluster_1427494838_273472399': 4, 'cluster_1757124350_1757124352': 9, 'cluster_1863241547_1863241548_1976170214': 6, 'cluster_306484187_cluster_1200363791_1200363826_1200363834_1200363898_1200363927_1200363938_1200363947_1200364074_1200364103_1507566554_1507566556_255882157_306484190': 2, 'gneJ143': 5, 'gneJ207': 7, 'gneJ208': 10, 'gneJ210': 7, 'gneJ255': 11, 'gneJ257': 4}, {'1863241632': 6, '2330725114': 6, '243351999': 14, '243641585': 49, '243749571': 19, '30503246': 2, '30624898': 28, '32564122': 9, '89127267': 27, '89173763': 24, '89173808': 11, 'cluster_1427494838_273472399': 13, 'cluster_1757124350_1757124352': 21, 'cluster_1863241547_1863241548_1976170214': 25, 'cluster_306484187_cluster_1200363791_1200363826_1200363834_1200363898_1200363927_1200363938_1200363947_1200364074_1200364103_1507566554_1507566556_255882157_306484190': 2, 'gneJ143': 20, 'gneJ207': 13, 'gneJ208': 11, 'gneJ210': 22, 'gneJ255': 21, 'gneJ257': 4}, 
60610.0, {'1863241632': -5, '2330725114': -5, '243351999': -8, '243641585': -49, '243749571': -9, '30503246': -2, '30624898': -23, '32564122': 13, '89127267': -10, '89173763': -23, '89173808': -11, 'cluster_1427494838_273472399': -13, 'cluster_1757124350_1757124352': -10, 'cluster_1863241547_1863241548_1976170214': -25, 'cluster_306484187_cluster_1200363791_1200363826_1200363834_1200363898_1200363927_1200363938_1200363947_1200364074_1200364103_1507566554_1507566556_255882157_306484190': 20, 'gneJ143': -8, 'gneJ207': -3, 'gneJ208': -5, 'gneJ210': -22, 'gneJ255': -13, 'gneJ257': -4}, {'1863241632': 5, '2330725114': 3, '243351999': 14, '243641585': 22, '243749571': 18, '30503246': 1, '30624898': 17, '32564122': 8, '89127267': 23, '89173763': 15, '89173808': 6, 'cluster_1427494838_273472399': 4, 'cluster_1757124350_1757124352': 9, 'cluster_1863241547_1863241548_1976170214': 6, 'cluster_306484187_cluster_1200363791_1200363826_1200363834_1200363898_1200363927_1200363938_1200363947_1200364074_1200364103_1507566554_1507566556_255882157_306484190': 2, 'gneJ143': 5, 'gneJ207': 7, 'gneJ208': 10, 'gneJ210': 7, 'gneJ255': 9, 'gneJ257': 4}, {'1863241632': 6, '2330725114': 6, '243351999': 14, '243641585': 49, '243749571': 19, '30503246': 2, '30624898': 28, '32564122': 9, '89127267': 27, '89173763': 24, '89173808': 11, 'cluster_1427494838_273472399': 13, 'cluster_1757124350_1757124352': 21, 'cluster_1863241547_1863241548_1976170214': 25, 'cluster_306484187_cluster_1200363791_1200363826_1200363834_1200363898_1200363927_1200363938_1200363947_1200364074_1200364103_1507566554_1507566556_255882157_306484190': 2, 'gneJ143': 20, 'gneJ207': 13, 'gneJ208': 11, 'gneJ210': 22, 'gneJ255': 21, 'gneJ257': 4}, 
60620.0, {'1863241632': -5, '2330725114': -5, '243351999': -8, '243641585': -49, '243749571': -6, '30503246': -2, '30624898': -23, '32564122': 20, '89127267': -10, '89173763': -23, '89173808': -11, 'cluster_1427494838_273472399': -13, 'cluster_1757124350_1757124352': -10, 'cluster_1863241547_1863241548_1976170214': -26, 'cluster_306484187_cluster_1200363791_1200363826_1200363834_1200363898_1200363927_1200363938_1200363947_1200364074_1200364103_1507566554_1507566556_255882157_306484190': 20, 'gneJ143': -8, 'gneJ207': -3, 'gneJ208': -5, 'gneJ210': -22, 'gneJ255': -20, 'gneJ257': -4}, {'1863241632': 5, '2330725114': 3, '243351999': 14, '243641585': 22, '243749571': 15, '30503246': 1, '30624898': 17, '32564122': 8, '89127267': 23, '89173763': 15, '89173808': 6, 'cluster_1427494838_273472399': 4, 'cluster_1757124350_1757124352': 9, 'cluster_1863241547_1863241548_1976170214': 6, 'cluster_306484187_cluster_1200363791_1200363826_1200363834_1200363898_1200363927_1200363938_1200363947_1200364074_1200364103_1507566554_1507566556_255882157_306484190': 2, 'gneJ143': 5, 'gneJ207': 7, 'gneJ208': 10, 'gneJ210': 7, 'gneJ255': 12, 'gneJ257': 4}, {'1863241632': 6, '2330725114': 6, '243351999': 14, '243641585': 49, '243749571': 16, '30503246': 2, '30624898': 28, '32564122': 9, '89127267': 27, '89173763': 24, '89173808': 11, 'cluster_1427494838_273472399': 13, 'cluster_1757124350_1757124352': 21, 'cluster_1863241547_1863241548_1976170214': 26, 'cluster_306484187_cluster_1200363791_1200363826_1200363834_1200363898_1200363927_1200363938_1200363947_1200364074_1200364103_1507566554_1507566556_255882157_306484190': 2, 'gneJ143': 20, 'gneJ207': 13, 'gneJ208': 11, 'gneJ210': 22, 'gneJ255': 28, 'gneJ257': 4}, 
60630.0, {'1863241632': -5, '2330725114': -5, '243351999': -8, '243641585': -49, '243749571': -7, '30503246': -2, '30624898': -23, '32564122': 25, '89127267': -10, '89173763': -23, '89173808': -11, 'cluster_1427494838_273472399': -13, 'cluster_1757124350_1757124352': -10, 'cluster_1863241547_1863241548_1976170214': -26, 'cluster_306484187_cluster_1200363791_1200363826_1200363834_1200363898_1200363927_1200363938_1200363947_1200364074_1200364103_1507566554_1507566556_255882157_306484190': 20, 'gneJ143': -8, 'gneJ207': -3, 'gneJ208': -5, 'gneJ210': -22, 'gneJ255': -25, 'gneJ257': -4}, {'1863241632': 5, '2330725114': 3, '243351999': 14, '243641585': 22, '243749571': 12, '30503246': 1, '30624898': 17, '32564122': 8, '89127267': 23, '89173763': 15, '89173808': 6, 'cluster_1427494838_273472399': 4, 'cluster_1757124350_1757124352': 9, 'cluster_1863241547_1863241548_1976170214': 6, 'cluster_306484187_cluster_1200363791_1200363826_1200363834_1200363898_1200363927_1200363938_1200363947_1200364074_1200364103_1507566554_1507566556_255882157_306484190': 2, 'gneJ143': 5, 'gneJ207': 7, 'gneJ208': 10, 'gneJ210': 7, 'gneJ255': 15, 'gneJ257': 4}, {'1863241632': 6, '2330725114': 6, '243351999': 14, '243641585': 49, '243749571': 17, '30503246': 2, '30624898': 28, '32564122': 9, '89127267': 27, '89173763': 24, '89173808': 11, 'cluster_1427494838_273472399': 13, 'cluster_1757124350_1757124352': 21, 'cluster_1863241547_1863241548_1976170214': 26, 'cluster_306484187_cluster_1200363791_1200363826_1200363834_1200363898_1200363927_1200363938_1200363947_1200364074_1200364103_1507566554_1507566556_255882157_306484190': 2, 'gneJ143': 20, 'gneJ207': 13, 'gneJ208': 11, 'gneJ210': 22, 'gneJ255': 33, 'gneJ257': 4}, 
60640.0, {'1863241632': -6, '2330725114': -5, '243351999': -8, '243641585': -49, '243749571': -10, '30503246': -2, '30624898': -23, '32564122': 25, '89127267': -10, '89173763': -24, '89173808': -6, 'cluster_1427494838_273472399': -13, 'cluster_1757124350_1757124352': -10, 'cluster_1863241547_1863241548_1976170214': -24, 'cluster_306484187_cluster_1200363791_1200363826_1200363834_1200363898_1200363927_1200363938_1200363947_1200364074_1200364103_1507566554_1507566556_255882157_306484190': 20, 'gneJ143': -8, 'gneJ207': -6, 'gneJ208': -5, 'gneJ210': -22, 'gneJ255': -25, 'gneJ257': -4}, {'1863241632': 5, '2330725114': 3, '243351999': 14, '243641585': 22, '243749571': 12, '30503246': 1, '30624898': 17, '32564122': 8, '89127267': 23, '89173763': 15, '89173808': 3, 'cluster_1427494838_273472399': 4, 'cluster_1757124350_1757124352': 9, 'cluster_1863241547_1863241548_1976170214': 6, 'cluster_306484187_cluster_1200363791_1200363826_1200363834_1200363898_1200363927_1200363938_1200363947_1200364074_1200364103_1507566554_1507566556_255882157_306484190': 2, 'gneJ143': 5, 'gneJ207': 7, 'gneJ208': 10, 'gneJ210': 7, 'gneJ255': 15, 'gneJ257': 4}, {'1863241632': 6, '2330725114': 6, '243351999': 14, '243641585': 49, '243749571': 20, '30503246': 2, '30624898': 28, '32564122': 9, '89127267': 27, '89173763': 24, '89173808': 6, 'cluster_1427494838_273472399': 13, 'cluster_1757124350_1757124352': 21, 'cluster_1863241547_1863241548_1976170214': 24, 'cluster_306484187_cluster_1200363791_1200363826_1200363834_1200363898_1200363927_1200363938_1200363947_1200364074_1200364103_1507566554_1507566556_255882157_306484190': 2, 'gneJ143': 20, 'gneJ207': 13, 'gneJ208': 11, 'gneJ210': 22, 'gneJ255': 33, 'gneJ257': 4}, 
60650.0, {'1863241632': -6, '2330725114': -5, '243351999': -8, '243641585': -49, '243749571': -12, '30503246': -2, '30624898': -23, '32564122': 25, '89127267': -10, '89173763': -24, '89173808': -8, 'cluster_1427494838_273472399': -13, 'cluster_1757124350_1757124352': -10, 'cluster_1863241547_1863241548_1976170214': -24, 'cluster_306484187_cluster_1200363791_1200363826_1200363834_1200363898_1200363927_1200363938_1200363947_1200364074_1200364103_1507566554_1507566556_255882157_306484190': 20, 'gneJ143': -8, 'gneJ207': -6, 'gneJ208': -5, 'gneJ210': -22, 'gneJ255': -25, 'gneJ257': -4}, {'1863241632': 5, '2330725114': 3, '243351999': 14, '243641585': 22, '243749571': 13, '30503246': 1, '30624898': 17, '32564122': 8, '89127267': 23, '89173763': 15, '89173808': 4, 'cluster_1427494838_273472399': 4, 'cluster_1757124350_1757124352': 9, 'cluster_1863241547_1863241548_1976170214': 6, 'cluster_306484187_cluster_1200363791_1200363826_1200363834_1200363898_1200363927_1200363938_1200363947_1200364074_1200364103_1507566554_1507566556_255882157_306484190': 2, 'gneJ143': 5, 'gneJ207': 7, 'gneJ208': 10, 'gneJ210': 7, 'gneJ255': 15, 'gneJ257': 4}, {'1863241632': 6, '2330725114': 6, '243351999': 14, '243641585': 49, '243749571': 22, '30503246': 2, '30624898': 28, '32564122': 9, '89127267': 27, '89173763': 24, '89173808': 8, 'cluster_1427494838_273472399': 13, 'cluster_1757124350_1757124352': 21, 'cluster_1863241547_1863241548_1976170214': 24, 'cluster_306484187_cluster_1200363791_1200363826_1200363834_1200363898_1200363927_1200363938_1200363947_1200364074_1200364103_1507566554_1507566556_255882157_306484190': 2, 'gneJ143': 20, 'gneJ207': 13, 'gneJ208': 11, 'gneJ210': 22, 'gneJ255': 33, 'gneJ257': 4}, 
60660.0, {'1863241632': -6, '2330725114': -5, '243351999': -8, '243641585': -49, '243749571': -17, '30503246': -2, '30624898': -23, '32564122': 25, '89127267': -10, '89173763': -24, '89173808': -8, 'cluster_1427494838_273472399': -13, 'cluster_1757124350_1757124352': -10, 'cluster_1863241547_1863241548_1976170214': -24, 'cluster_306484187_cluster_1200363791_1200363826_1200363834_1200363898_1200363927_1200363938_1200363947_1200364074_1200364103_1507566554_1507566556_255882157_306484190': 20, 'gneJ143': -8, 'gneJ207': -6, 'gneJ208': -5, 'gneJ210': -22, 'gneJ255': -25, 'gneJ257': -4}, {'1863241632': 5, '2330725114': 3, '243351999': 14, '243641585': 22, '243749571': 18, '30503246': 1, '30624898': 17, '32564122': 8, '89127267': 23, '89173763': 15, '89173808': 5, 'cluster_1427494838_273472399': 4, 'cluster_1757124350_1757124352': 9, 'cluster_1863241547_1863241548_1976170214': 6, 'cluster_306484187_cluster_1200363791_1200363826_1200363834_1200363898_1200363927_1200363938_1200363947_1200364074_1200364103_1507566554_1507566556_255882157_306484190': 2, 'gneJ143': 5, 'gneJ207': 7, 'gneJ208': 10, 'gneJ210': 7, 'gneJ255': 15, 'gneJ257': 4}, {'1863241632': 6, '2330725114': 6, '243351999': 14, '243641585': 49, '243749571': 27, '30503246': 2, '30624898': 28, '32564122': 9, '89127267': 27, '89173763': 24, '89173808': 8, 'cluster_1427494838_273472399': 13, 'cluster_1757124350_1757124352': 21, 'cluster_1863241547_1863241548_1976170214': 24, 'cluster_306484187_cluster_1200363791_1200363826_1200363834_1200363898_1200363927_1200363938_1200363947_1200364074_1200364103_1507566554_1507566556_255882157_306484190': 2, 'gneJ143': 20, 'gneJ207': 13, 'gneJ208': 11, 'gneJ210': 22, 'gneJ255': 33, 'gneJ257': 4}, 
60670.0, {'1863241632': -6, '2330725114': -5, '243351999': -8, '243641585': -49, '243749571': -15, '30503246': -2, '30624898': -23, '32564122': 25, '89127267': -10, '89173763': -24, '89173808': -8, 'cluster_1427494838_273472399': -13, 'cluster_1757124350_1757124352': -10, 'cluster_1863241547_1863241548_1976170214': -24, 'cluster_306484187_cluster_1200363791_1200363826_1200363834_1200363898_1200363927_1200363938_1200363947_1200364074_1200364103_1507566554_1507566556_255882157_306484190': 20, 'gneJ143': -8, 'gneJ207': -6, 'gneJ208': -5, 'gneJ210': -22, 'gneJ255': -25, 'gneJ257': -4}, {'1863241632': 5, '2330725114': 3, '243351999': 14, '243641585': 22, '243749571': 18, '30503246': 1, '30624898': 17, '32564122': 8, '89127267': 23, '89173763': 15, '89173808': 5, 'cluster_1427494838_273472399': 4, 'cluster_1757124350_1757124352': 9, 'cluster_1863241547_1863241548_1976170214': 6, 'cluster_306484187_cluster_1200363791_1200363826_1200363834_1200363898_1200363927_1200363938_1200363947_1200364074_1200364103_1507566554_1507566556_255882157_306484190': 2, 'gneJ143': 5, 'gneJ207': 7, 'gneJ208': 10, 'gneJ210': 7, 'gneJ255': 15, 'gneJ257': 4}, {'1863241632': 6, '2330725114': 6, '243351999': 14, '243641585': 49, '243749571': 25, '30503246': 2, '30624898': 28, '32564122': 9, '89127267': 27, '89173763': 24, '89173808': 8, 'cluster_1427494838_273472399': 13, 'cluster_1757124350_1757124352': 21, 'cluster_1863241547_1863241548_1976170214': 24, 'cluster_306484187_cluster_1200363791_1200363826_1200363834_1200363898_1200363927_1200363938_1200363947_1200364074_1200364103_1507566554_1507566556_255882157_306484190': 2, 'gneJ143': 20, 'gneJ207': 13, 'gneJ208': 11, 'gneJ210': 22, 'gneJ255': 33, 'gneJ257': 4}, 
60680.0, {'1863241632': -6, '2330725114': -5, '243351999': -8, '243641585': -49, '243749571': -15, '30503246': -2, '30624898': -23, '32564122': 25, '89127267': -10, '89173763': -24, '89173808': -8, 'cluster_1427494838_273472399': -13, 'cluster_1757124350_1757124352': -10, 'cluster_1863241547_1863241548_1976170214': -24, 'cluster_306484187_cluster_1200363791_1200363826_1200363834_1200363898_1200363927_1200363938_1200363947_1200364074_1200364103_1507566554_1507566556_255882157_306484190': 20, 'gneJ143': -8, 'gneJ207': -6, 'gneJ208': -5, 'gneJ210': -15, 'gneJ255': -29, 'gneJ257': -4}, {'1863241632': 5, '2330725114': 3, '243351999': 14, '243641585': 22, '243749571': 18, '30503246': 1, '30624898': 17, '32564122': 8, '89127267': 23, '89173763': 15, '89173808': 5, 'cluster_1427494838_273472399': 4, 'cluster_1757124350_1757124352': 9, 'cluster_1863241547_1863241548_1976170214': 6, 'cluster_306484187_cluster_1200363791_1200363826_1200363834_1200363898_1200363927_1200363938_1200363947_1200364074_1200364103_1507566554_1507566556_255882157_306484190': 2, 'gneJ143': 5, 'gneJ207': 7, 'gneJ208': 10, 'gneJ210': 6, 'gneJ255': 15, 'gneJ257': 4}, {'1863241632': 6, '2330725114': 6, '243351999': 14, '243641585': 49, '243749571': 25, '30503246': 2, '30624898': 28, '32564122': 9, '89127267': 27, '89173763': 24, '89173808': 8, 'cluster_1427494838_273472399': 13, 'cluster_1757124350_1757124352': 21, 'cluster_1863241547_1863241548_1976170214': 24, 'cluster_306484187_cluster_1200363791_1200363826_1200363834_1200363898_1200363927_1200363938_1200363947_1200364074_1200364103_1507566554_1507566556_255882157_306484190': 2, 'gneJ143': 20, 'gneJ207': 13, 'gneJ208': 11, 'gneJ210': 15, 'gneJ255': 33, 'gneJ257': 4}, 
60690.0, {'1863241632': -7, '2330725114': -4, '243351999': -8, '243641585': -49, '243749571': -15, '30503246': -2, '30624898': -23, '32564122': 25, '89127267': -10, '89173763': -24, '89173808': -7, 'cluster_1427494838_273472399': -13, 'cluster_1757124350_1757124352': -10, 'cluster_1863241547_1863241548_1976170214': -23, 'cluster_306484187_cluster_1200363791_1200363826_1200363834_1200363898_1200363927_1200363938_1200363947_1200364074_1200364103_1507566554_1507566556_255882157_306484190': 20, 'gneJ143': -8, 'gneJ207': -7, 'gneJ208': -6, 'gneJ210': -16, 'gneJ255': -29, 'gneJ257': -4}, {'1863241632': 5, '2330725114': 3, '243351999': 14, '243641585': 22, '243749571': 18, '30503246': 1, '30624898': 17, '32564122': 8, '89127267': 23, '89173763': 15, '89173808': 5, 'cluster_1427494838_273472399': 4, 'cluster_1757124350_1757124352': 9, 'cluster_1863241547_1863241548_1976170214': 6, 'cluster_306484187_cluster_1200363791_1200363826_1200363834_1200363898_1200363927_1200363938_1200363947_1200364074_1200364103_1507566554_1507566556_255882157_306484190': 2, 'gneJ143': 5, 'gneJ207': 7, 'gneJ208': 10, 'gneJ210': 7, 'gneJ255': 15, 'gneJ257': 4}, {'1863241632': 7, '2330725114': 6, '243351999': 14, '243641585': 49, '243749571': 25, '30503246': 2, '30624898': 28, '32564122': 9, '89127267': 27, '89173763': 25, '89173808': 8, 'cluster_1427494838_273472399': 13, 'cluster_1757124350_1757124352': 21, 'cluster_1863241547_1863241548_1976170214': 24, 'cluster_306484187_cluster_1200363791_1200363826_1200363834_1200363898_1200363927_1200363938_1200363947_1200364074_1200364103_1507566554_1507566556_255882157_306484190': 2, 'gneJ143': 20, 'gneJ207': 14, 'gneJ208': 12, 'gneJ210': 16, 'gneJ255': 33, 'gneJ257': 4}, 
60700.0, {'1863241632': -7, '2330725114': -3, '243351999': -8, '243641585': -49, '243749571': -15, '30503246': -2, '30624898': -23, '32564122': 25, '89127267': -10, '89173763': -24, '89173808': -8, 'cluster_1427494838_273472399': -13, 'cluster_1757124350_1757124352': -10, 'cluster_1863241547_1863241548_1976170214': -23, 'cluster_306484187_cluster_1200363791_1200363826_1200363834_1200363898_1200363927_1200363938_1200363947_1200364074_1200364103_1507566554_1507566556_255882157_306484190': 20, 'gneJ143': -8, 'gneJ207': -6, 'gneJ208': -7, 'gneJ210': -19, 'gneJ255': -29, 'gneJ257': -4}, {'1863241632': 5, '2330725114': 3, '243351999': 14, '243641585': 22, '243749571': 18, '30503246': 1, '30624898': 17, '32564122': 8, '89127267': 23, '89173763': 15, '89173808': 5, 'cluster_1427494838_273472399': 4, 'cluster_1757124350_1757124352': 9, 'cluster_1863241547_1863241548_1976170214': 6, 'cluster_306484187_cluster_1200363791_1200363826_1200363834_1200363898_1200363927_1200363938_1200363947_1200364074_1200364103_1507566554_1507566556_255882157_306484190': 2, 'gneJ143': 5, 'gneJ207': 7, 'gneJ208': 10, 'gneJ210': 7, 'gneJ255': 15, 'gneJ257': 4}, {'1863241632': 7, '2330725114': 6, '243351999': 14, '243641585': 49, '243749571': 25, '30503246': 2, '30624898': 28, '32564122': 9, '89127267': 27, '89173763': 25, '89173808': 8, 'cluster_1427494838_273472399': 13, 'cluster_1757124350_1757124352': 21, 'cluster_1863241547_1863241548_1976170214': 24, 'cluster_306484187_cluster_1200363791_1200363826_1200363834_1200363898_1200363927_1200363938_1200363947_1200364074_1200364103_1507566554_1507566556_255882157_306484190': 2, 'gneJ143': 20, 'gneJ207': 13, 'gneJ208': 13, 'gneJ210': 19, 'gneJ255': 33, 'gneJ257': 4}, 
60710.0, {'1863241632': -7, '2330725114': -3, '243351999': -8, '243641585': -49, '243749571': -15, '30503246': -2, '30624898': -23, '32564122': 25, '89127267': -10, '89173763': -24, '89173808': -8, 'cluster_1427494838_273472399': -13, 'cluster_1757124350_1757124352': -10, 'cluster_1863241547_1863241548_1976170214': -23, 'cluster_306484187_cluster_1200363791_1200363826_1200363834_1200363898_1200363927_1200363938_1200363947_1200364074_1200364103_1507566554_1507566556_255882157_306484190': 20, 'gneJ143': -8, 'gneJ207': -6, 'gneJ208': -7, 'gneJ210': -19, 'gneJ255': -29, 'gneJ257': -4}, {'1863241632': 5, '2330725114': 3, '243351999': 14, '243641585': 22, '243749571': 18, '30503246': 1, '30624898': 17, '32564122': 8, '89127267': 23, '89173763': 15, '89173808': 5, 'cluster_1427494838_273472399': 4, 'cluster_1757124350_1757124352': 9, 'cluster_1863241547_1863241548_1976170214': 6, 'cluster_306484187_cluster_1200363791_1200363826_1200363834_1200363898_1200363927_1200363938_1200363947_1200364074_1200364103_1507566554_1507566556_255882157_306484190': 2, 'gneJ143': 5, 'gneJ207': 7, 'gneJ208': 10, 'gneJ210': 7, 'gneJ255': 15, 'gneJ257': 4}, {'1863241632': 7, '2330725114': 6, '243351999': 14, '243641585': 49, '243749571': 25, '30503246': 2, '30624898': 28, '32564122': 9, '89127267': 27, '89173763': 25, '89173808': 8, 'cluster_1427494838_273472399': 13, 'cluster_1757124350_1757124352': 21, 'cluster_1863241547_1863241548_1976170214': 24, 'cluster_306484187_cluster_1200363791_1200363826_1200363834_1200363898_1200363927_1200363938_1200363947_1200364074_1200364103_1507566554_1507566556_255882157_306484190': 2, 'gneJ143': 20, 'gneJ207': 13, 'gneJ208': 13, 'gneJ210': 19, 'gneJ255': 33, 'gneJ257': 4}, 
60720.0, {'1863241632': -6, '2330725114': -3, '243351999': -8, '243641585': -49, '243749571': -15, '30503246': -2, '30624898': -23, '32564122': 25, '89127267': -10, '89173763': -24, '89173808': -8, 'cluster_1427494838_273472399': -13, 'cluster_1757124350_1757124352': -10, 'cluster_1863241547_1863241548_1976170214': -19, 'cluster_306484187_cluster_1200363791_1200363826_1200363834_1200363898_1200363927_1200363938_1200363947_1200364074_1200364103_1507566554_1507566556_255882157_306484190': 20, 'gneJ143': -9, 'gneJ207': -5, 'gneJ208': -7, 'gneJ210': -19, 'gneJ255': -29, 'gneJ257': -4}, {'1863241632': 5, '2330725114': 3, '243351999': 14, '243641585': 22, '243749571': 18, '30503246': 1, '30624898': 17, '32564122': 8, '89127267': 23, '89173763': 15, '89173808': 5, 'cluster_1427494838_273472399': 4, 'cluster_1757124350_1757124352': 9, 'cluster_1863241547_1863241548_1976170214': 5, 'cluster_306484187_cluster_1200363791_1200363826_1200363834_1200363898_1200363927_1200363938_1200363947_1200364074_1200364103_1507566554_1507566556_255882157_306484190': 2, 'gneJ143': 5, 'gneJ207': 7, 'gneJ208': 10, 'gneJ210': 7, 'gneJ255': 15, 'gneJ257': 4}, {'1863241632': 7, '2330725114': 6, '243351999': 14, '243641585': 49, '243749571': 25, '30503246': 2, '30624898': 28, '32564122': 9, '89127267': 27, '89173763': 25, '89173808': 8, 'cluster_1427494838_273472399': 13, 'cluster_1757124350_1757124352': 21, 'cluster_1863241547_1863241548_1976170214': 20, 'cluster_306484187_cluster_1200363791_1200363826_1200363834_1200363898_1200363927_1200363938_1200363947_1200364074_1200364103_1507566554_1507566556_255882157_306484190': 2, 'gneJ143': 21, 'gneJ207': 13, 'gneJ208': 13, 'gneJ210': 19, 'gneJ255': 33, 'gneJ257': 4}, 
60730.0, {'1863241632': -6, '2330725114': -3, '243351999': -8, '243641585': -49, '243749571': -15, '30503246': -2, '30624898': -23, '32564122': 26, '89127267': -10, '89173763': -24, '89173808': -8, 'cluster_1427494838_273472399': -13, 'cluster_1757124350_1757124352': -10, 'cluster_1863241547_1863241548_1976170214': -11, 'cluster_306484187_cluster_1200363791_1200363826_1200363834_1200363898_1200363927_1200363938_1200363947_1200364074_1200364103_1507566554_1507566556_255882157_306484190': 20, 'gneJ143': -9, 'gneJ207': -5, 'gneJ208': -7, 'gneJ210': -19, 'gneJ255': -30, 'gneJ257': -4}, {'1863241632': 5, '2330725114': 3, '243351999': 14, '243641585': 22, '243749571': 18, '30503246': 1, '30624898': 17, '32564122': 8, '89127267': 23, '89173763': 15, '89173808': 5, 'cluster_1427494838_273472399': 4, 'cluster_1757124350_1757124352': 9, 'cluster_1863241547_1863241548_1976170214': 5, 'cluster_306484187_cluster_1200363791_1200363826_1200363834_1200363898_1200363927_1200363938_1200363947_1200364074_1200364103_1507566554_1507566556_255882157_306484190': 2, 'gneJ143': 5, 'gneJ207': 7, 'gneJ208': 10, 'gneJ210': 7, 'gneJ255': 15, 'gneJ257': 4}, {'1863241632': 7, '2330725114': 6, '243351999': 14, '243641585': 49, '243749571': 25, '30503246': 2, '30624898': 28, '32564122': 9, '89127267': 27, '89173763': 25, '89173808': 8, 'cluster_1427494838_273472399': 13, 'cluster_1757124350_1757124352': 21, 'cluster_1863241547_1863241548_1976170214': 12, 'cluster_306484187_cluster_1200363791_1200363826_1200363834_1200363898_1200363927_1200363938_1200363947_1200364074_1200364103_1507566554_1507566556_255882157_306484190': 2, 'gneJ143': 21, 'gneJ207': 13, 'gneJ208': 13, 'gneJ210': 19, 'gneJ255': 34, 'gneJ257': 4}, 
60740.0, {'1863241632': -6, '2330725114': -3, '243351999': -8, '243641585': -49, '243749571': -15, '30503246': -2, '30624898': -23, '32564122': 26, '89127267': -10, '89173763': -23, '89173808': -8, 'cluster_1427494838_273472399': -13, 'cluster_1757124350_1757124352': -10, 'cluster_1863241547_1863241548_1976170214': -9, 'cluster_306484187_cluster_1200363791_1200363826_1200363834_1200363898_1200363927_1200363938_1200363947_1200364074_1200364103_1507566554_1507566556_255882157_306484190': 20, 'gneJ143': -9, 'gneJ207': -5, 'gneJ208': -7, 'gneJ210': -19, 'gneJ255': -30, 'gneJ257': -4}, {'1863241632': 5, '2330725114': 3, '243351999': 14, '243641585': 22, '243749571': 18, '30503246': 1, '30624898': 17, '32564122': 8, '89127267': 23, '89173763': 15, '89173808': 5, 'cluster_1427494838_273472399': 4, 'cluster_1757124350_1757124352': 9, 'cluster_1863241547_1863241548_1976170214': 6, 'cluster_306484187_cluster_1200363791_1200363826_1200363834_1200363898_1200363927_1200363938_1200363947_1200364074_1200364103_1507566554_1507566556_255882157_306484190': 2, 'gneJ143': 5, 'gneJ207': 7, 'gneJ208': 10, 'gneJ210': 7, 'gneJ255': 15, 'gneJ257': 4}, {'1863241632': 7, '2330725114': 6, '243351999': 14, '243641585': 49, '243749571': 25, '30503246': 2, '30624898': 28, '32564122': 9, '89127267': 27, '89173763': 23, '89173808': 8, 'cluster_1427494838_273472399': 13, 'cluster_1757124350_1757124352': 21, 'cluster_1863241547_1863241548_1976170214': 9, 'cluster_306484187_cluster_1200363791_1200363826_1200363834_1200363898_1200363927_1200363938_1200363947_1200364074_1200364103_1507566554_1507566556_255882157_306484190': 2, 'gneJ143': 21, 'gneJ207': 13, 'gneJ208': 13, 'gneJ210': 19, 'gneJ255': 34, 'gneJ257': 4}, 
60750.0, {'1863241632': -7, '2330725114': -3, '243351999': -8, '243641585': -49, '243749571': -15, '30503246': -2, '30624898': -23, '32564122': 26, '89127267': -10, '89173763': -25, '89173808': -8, 'cluster_1427494838_273472399': -13, 'cluster_1757124350_1757124352': -10, 'cluster_1863241547_1863241548_1976170214': -4, 'cluster_306484187_cluster_1200363791_1200363826_1200363834_1200363898_1200363927_1200363938_1200363947_1200364074_1200364103_1507566554_1507566556_255882157_306484190': 20, 'gneJ143': -9, 'gneJ207': -5, 'gneJ208': -7, 'gneJ210': -19, 'gneJ255': -30, 'gneJ257': -4}, {'1863241632': 5, '2330725114': 3, '243351999': 14, '243641585': 22, '243749571': 18, '30503246': 1, '30624898': 17, '32564122': 8, '89127267': 23, '89173763': 15, '89173808': 5, 'cluster_1427494838_273472399': 4, 'cluster_1757124350_1757124352': 9, 'cluster_1863241547_1863241548_1976170214': 4, 'cluster_306484187_cluster_1200363791_1200363826_1200363834_1200363898_1200363927_1200363938_1200363947_1200364074_1200364103_1507566554_1507566556_255882157_306484190': 2, 'gneJ143': 5, 'gneJ207': 7, 'gneJ208': 10, 'gneJ210': 7, 'gneJ255': 15, 'gneJ257': 4}, {'1863241632': 8, '2330725114': 6, '243351999': 14, '243641585': 49, '243749571': 25, '30503246': 2, '30624898': 28, '32564122': 9, '89127267': 27, '89173763': 25, '89173808': 8, 'cluster_1427494838_273472399': 13, 'cluster_1757124350_1757124352': 21, 'cluster_1863241547_1863241548_1976170214': 5, 'cluster_306484187_cluster_1200363791_1200363826_1200363834_1200363898_1200363927_1200363938_1200363947_1200364074_1200364103_1507566554_1507566556_255882157_306484190': 2, 'gneJ143': 21, 'gneJ207': 13, 'gneJ208': 13, 'gneJ210': 19, 'gneJ255': 34, 'gneJ257': 4}, 
60760.0, {'1863241632': -7, '2330725114': -3, '243351999': -8, '243641585': -49, '243749571': -15, '30503246': -2, '30624898': -23, '32564122': 26, '89127267': -10, '89173763': -25, '89173808': -8, 'cluster_1427494838_273472399': -13, 'cluster_1757124350_1757124352': -10, 'cluster_1863241547_1863241548_1976170214': -8, 'cluster_306484187_cluster_1200363791_1200363826_1200363834_1200363898_1200363927_1200363938_1200363947_1200364074_1200364103_1507566554_1507566556_255882157_306484190': 20, 'gneJ143': -9, 'gneJ207': -5, 'gneJ208': -7, 'gneJ210': -19, 'gneJ255': -30, 'gneJ257': -4}, {'1863241632': 5, '2330725114': 3, '243351999': 14, '243641585': 22, '243749571': 18, '30503246': 1, '30624898': 17, '32564122': 8, '89127267': 23, '89173763': 15, '89173808': 5, 'cluster_1427494838_273472399': 4, 'cluster_1757124350_1757124352': 9, 'cluster_1863241547_1863241548_1976170214': 3, 'cluster_306484187_cluster_1200363791_1200363826_1200363834_1200363898_1200363927_1200363938_1200363947_1200364074_1200364103_1507566554_1507566556_255882157_306484190': 2, 'gneJ143': 5, 'gneJ207': 7, 'gneJ208': 10, 'gneJ210': 7, 'gneJ255': 15, 'gneJ257': 4}, {'1863241632': 7, '2330725114': 6, '243351999': 14, '243641585': 49, '243749571': 25, '30503246': 2, '30624898': 28, '32564122': 9, '89127267': 27, '89173763': 25, '89173808': 8, 'cluster_1427494838_273472399': 13, 'cluster_1757124350_1757124352': 21, 'cluster_1863241547_1863241548_1976170214': 8, 'cluster_306484187_cluster_1200363791_1200363826_1200363834_1200363898_1200363927_1200363938_1200363947_1200364074_1200364103_1507566554_1507566556_255882157_306484190': 2, 'gneJ143': 21, 'gneJ207': 13, 'gneJ208': 13, 'gneJ210': 19, 'gneJ255': 34, 'gneJ257': 4}, 
60770.0, {'1863241632': -7, '2330725114': -3, '243351999': -8, '243641585': -49, '243749571': -15, '30503246': -2, '30624898': -23, '32564122': 26, '89127267': -10, '89173763': -22, '89173808': -8, 'cluster_1427494838_273472399': -13, 'cluster_1757124350_1757124352': -10, 'cluster_1863241547_1863241548_1976170214': -18, 'cluster_306484187_cluster_1200363791_1200363826_1200363834_1200363898_1200363927_1200363938_1200363947_1200364074_1200364103_1507566554_1507566556_255882157_306484190': 20, 'gneJ143': -9, 'gneJ207': -5, 'gneJ208': -7, 'gneJ210': -19, 'gneJ255': -30, 'gneJ257': -4}, {'1863241632': 5, '2330725114': 3, '243351999': 14, '243641585': 22, '243749571': 18, '30503246': 1, '30624898': 17, '32564122': 8, '89127267': 23, '89173763': 15, '89173808': 5, 'cluster_1427494838_273472399': 4, 'cluster_1757124350_1757124352': 9, 'cluster_1863241547_1863241548_1976170214': 6, 'cluster_306484187_cluster_1200363791_1200363826_1200363834_1200363898_1200363927_1200363938_1200363947_1200364074_1200364103_1507566554_1507566556_255882157_306484190': 2, 'gneJ143': 5, 'gneJ207': 7, 'gneJ208': 10, 'gneJ210': 7, 'gneJ255': 15, 'gneJ257': 4}, {'1863241632': 7, '2330725114': 6, '243351999': 14, '243641585': 49, '243749571': 25, '30503246': 2, '30624898': 28, '32564122': 9, '89127267': 27, '89173763': 23, '89173808': 8, 'cluster_1427494838_273472399': 13, 'cluster_1757124350_1757124352': 21, 'cluster_1863241547_1863241548_1976170214': 18, 'cluster_306484187_cluster_1200363791_1200363826_1200363834_1200363898_1200363927_1200363938_1200363947_1200364074_1200364103_1507566554_1507566556_255882157_306484190': 2, 'gneJ143': 21, 'gneJ207': 13, 'gneJ208': 13, 'gneJ210': 19, 'gneJ255': 34, 'gneJ257': 4}, 
60780.0, {'1863241632': -5, '2330725114': -4, '243351999': -8, '243641585': -49, '243749571': -15, '30503246': -2, '30624898': -23, '32564122': 26, '89127267': -10, '89173763': -22, '89173808': -8, 'cluster_1427494838_273472399': -13, 'cluster_1757124350_1757124352': -10, 'cluster_1863241547_1863241548_1976170214': -19, 'cluster_306484187_cluster_1200363791_1200363826_1200363834_1200363898_1200363927_1200363938_1200363947_1200364074_1200364103_1507566554_1507566556_255882157_306484190': 20, 'gneJ143': -9, 'gneJ207': -5, 'gneJ208': -7, 'gneJ210': -19, 'gneJ255': -30, 'gneJ257': -4}, {'1863241632': 5, '2330725114': 3, '243351999': 14, '243641585': 22, '243749571': 18, '30503246': 1, '30624898': 17, '32564122': 8, '89127267': 23, '89173763': 15, '89173808': 5, 'cluster_1427494838_273472399': 4, 'cluster_1757124350_1757124352': 9, 'cluster_1863241547_1863241548_1976170214': 7, 'cluster_306484187_cluster_1200363791_1200363826_1200363834_1200363898_1200363927_1200363938_1200363947_1200364074_1200364103_1507566554_1507566556_255882157_306484190': 2, 'gneJ143': 5, 'gneJ207': 7, 'gneJ208': 10, 'gneJ210': 7, 'gneJ255': 15, 'gneJ257': 4}, {'1863241632': 7, '2330725114': 7, '243351999': 14, '243641585': 49, '243749571': 25, '30503246': 2, '30624898': 28, '32564122': 9, '89127267': 27, '89173763': 23, '89173808': 8, 'cluster_1427494838_273472399': 13, 'cluster_1757124350_1757124352': 21, 'cluster_1863241547_1863241548_1976170214': 19, 'cluster_306484187_cluster_1200363791_1200363826_1200363834_1200363898_1200363927_1200363938_1200363947_1200364074_1200364103_1507566554_1507566556_255882157_306484190': 2, 'gneJ143': 21, 'gneJ207': 13, 'gneJ208': 13, 'gneJ210': 19, 'gneJ255': 34, 'gneJ257': 4}, 
60790.0, {'1863241632': -6, '2330725114': -4, '243351999': -8, '243641585': -49, '243749571': -15, '30503246': -2, '30624898': -23, '32564122': 26, '89127267': -10, '89173763': -22, '89173808': -8, 'cluster_1427494838_273472399': -13, 'cluster_1757124350_1757124352': -10, 'cluster_1863241547_1863241548_1976170214': -14, 'cluster_306484187_cluster_1200363791_1200363826_1200363834_1200363898_1200363927_1200363938_1200363947_1200364074_1200364103_1507566554_1507566556_255882157_306484190': 20, 'gneJ143': -9, 'gneJ207': -5, 'gneJ208': -7, 'gneJ210': -15, 'gneJ255': -34, 'gneJ257': -4}, {'1863241632': 5, '2330725114': 3, '243351999': 14, '243641585': 22, '243749571': 18, '30503246': 1, '30624898': 17, '32564122': 8, '89127267': 23, '89173763': 15, '89173808': 5, 'cluster_1427494838_273472399': 4, 'cluster_1757124350_1757124352': 9, 'cluster_1863241547_1863241548_1976170214': 7, 'cluster_306484187_cluster_1200363791_1200363826_1200363834_1200363898_1200363927_1200363938_1200363947_1200364074_1200364103_1507566554_1507566556_255882157_306484190': 2, 'gneJ143': 5, 'gneJ207': 7, 'gneJ208': 10, 'gneJ210': 7, 'gneJ255': 15, 'gneJ257': 4}, {'1863241632': 8, '2330725114': 7, '243351999': 14, '243641585': 49, '243749571': 25, '30503246': 2, '30624898': 28, '32564122': 9, '89127267': 27, '89173763': 23, '89173808': 8, 'cluster_1427494838_273472399': 13, 'cluster_1757124350_1757124352': 21, 'cluster_1863241547_1863241548_1976170214': 15, 'cluster_306484187_cluster_1200363791_1200363826_1200363834_1200363898_1200363927_1200363938_1200363947_1200364074_1200364103_1507566554_1507566556_255882157_306484190': 2, 'gneJ143': 21, 'gneJ207': 13, 'gneJ208': 13, 'gneJ210': 15, 'gneJ255': 34, 'gneJ257': 4}, 
60800.0, {'1863241632': -6, '2330725114': -4, '243351999': -8, '243641585': -49, '243749571': -15, '30503246': -2, '30624898': -23, '32564122': 26, '89127267': -10, '89173763': -23, '89173808': -8, 'cluster_1427494838_273472399': -13, 'cluster_1757124350_1757124352': -10, 'cluster_1863241547_1863241548_1976170214': -17, 'cluster_306484187_cluster_1200363791_1200363826_1200363834_1200363898_1200363927_1200363938_1200363947_1200364074_1200364103_1507566554_1507566556_255882157_306484190': 20, 'gneJ143': -9, 'gneJ207': -5, 'gneJ208': -7, 'gneJ210': -14, 'gneJ255': -35, 'gneJ257': -4}, {'1863241632': 5, '2330725114': 3, '243351999': 14, '243641585': 22, '243749571': 18, '30503246': 1, '30624898': 17, '32564122': 8, '89127267': 23, '89173763': 15, '89173808': 5, 'cluster_1427494838_273472399': 4, 'cluster_1757124350_1757124352': 9, 'cluster_1863241547_1863241548_1976170214': 7, 'cluster_306484187_cluster_1200363791_1200363826_1200363834_1200363898_1200363927_1200363938_1200363947_1200364074_1200364103_1507566554_1507566556_255882157_306484190': 2, 'gneJ143': 5, 'gneJ207': 7, 'gneJ208': 10, 'gneJ210': 7, 'gneJ255': 15, 'gneJ257': 4}, {'1863241632': 7, '2330725114': 7, '243351999': 14, '243641585': 49, '243749571': 25, '30503246': 2, '30624898': 28, '32564122': 9, '89127267': 27, '89173763': 23, '89173808': 8, 'cluster_1427494838_273472399': 13, 'cluster_1757124350_1757124352': 21, 'cluster_1863241547_1863241548_1976170214': 17, 'cluster_306484187_cluster_1200363791_1200363826_1200363834_1200363898_1200363927_1200363938_1200363947_1200364074_1200364103_1507566554_1507566556_255882157_306484190': 2, 'gneJ143': 21, 'gneJ207': 13, 'gneJ208': 13, 'gneJ210': 15, 'gneJ255': 35, 'gneJ257': 4}, 
60810.0, {'1863241632': -6, '2330725114': -4, '243351999': -8, '243641585': -49, '243749571': -15, '30503246': -2, '30624898': -23, '32564122': 26, '89127267': -10, '89173763': -23, '89173808': -7, 'cluster_1427494838_273472399': -13, 'cluster_1757124350_1757124352': -10, 'cluster_1863241547_1863241548_1976170214': -23, 'cluster_306484187_cluster_1200363791_1200363826_1200363834_1200363898_1200363927_1200363938_1200363947_1200364074_1200364103_1507566554_1507566556_255882157_306484190': 20, 'gneJ143': -9, 'gneJ207': -6, 'gneJ208': -7, 'gneJ210': -14, 'gneJ255': -35, 'gneJ257': -4}, {'1863241632': 5, '2330725114': 3, '243351999': 14, '243641585': 22, '243749571': 18, '30503246': 1, '30624898': 17, '32564122': 8, '89127267': 23, '89173763': 15, '89173808': 5, 'cluster_1427494838_273472399': 4, 'cluster_1757124350_1757124352': 9, 'cluster_1863241547_1863241548_1976170214': 7, 'cluster_306484187_cluster_1200363791_1200363826_1200363834_1200363898_1200363927_1200363938_1200363947_1200364074_1200364103_1507566554_1507566556_255882157_306484190': 2, 'gneJ143': 5, 'gneJ207': 7, 'gneJ208': 10, 'gneJ210': 7, 'gneJ255': 15, 'gneJ257': 4}, {'1863241632': 7, '2330725114': 7, '243351999': 14, '243641585': 49, '243749571': 25, '30503246': 2, '30624898': 28, '32564122': 9, '89127267': 27, '89173763': 23, '89173808': 8, 'cluster_1427494838_273472399': 13, 'cluster_1757124350_1757124352': 21, 'cluster_1863241547_1863241548_1976170214': 23, 'cluster_306484187_cluster_1200363791_1200363826_1200363834_1200363898_1200363927_1200363938_1200363947_1200364074_1200364103_1507566554_1507566556_255882157_306484190': 2, 'gneJ143': 21, 'gneJ207': 14, 'gneJ208': 13, 'gneJ210': 15, 'gneJ255': 35, 'gneJ257': 4}, 
60820.0, {'1863241632': -6, '2330725114': -4, '243351999': -8, '243641585': -49, '243749571': -15, '30503246': -2, '30624898': -23, '32564122': 18, '89127267': -10, '89173763': -23, '89173808': -7, 'cluster_1427494838_273472399': -13, 'cluster_1757124350_1757124352': -10, 'cluster_1863241547_1863241548_1976170214': -26, 'cluster_306484187_cluster_1200363791_1200363826_1200363834_1200363898_1200363927_1200363938_1200363947_1200364074_1200364103_1507566554_1507566556_255882157_306484190': 20, 'gneJ143': -9, 'gneJ207': -6, 'gneJ208': -7, 'gneJ210': -14, 'gneJ255': -27, 'gneJ257': -4}, {'1863241632': 5, '2330725114': 3, '243351999': 14, '243641585': 22, '243749571': 18, '30503246': 1, '30624898': 17, '32564122': 8, '89127267': 23, '89173763': 15, '89173808': 5, 'cluster_1427494838_273472399': 4, 'cluster_1757124350_1757124352': 9, 'cluster_1863241547_1863241548_1976170214': 7, 'cluster_306484187_cluster_1200363791_1200363826_1200363834_1200363898_1200363927_1200363938_1200363947_1200364074_1200364103_1507566554_1507566556_255882157_306484190': 2, 'gneJ143': 5, 'gneJ207': 7, 'gneJ208': 10, 'gneJ210': 7, 'gneJ255': 11, 'gneJ257': 4}, {'1863241632': 7, '2330725114': 7, '243351999': 14, '243641585': 49, '243749571': 25, '30503246': 2, '30624898': 28, '32564122': 9, '89127267': 27, '89173763': 23, '89173808': 8, 'cluster_1427494838_273472399': 13, 'cluster_1757124350_1757124352': 21, 'cluster_1863241547_1863241548_1976170214': 26, 'cluster_306484187_cluster_1200363791_1200363826_1200363834_1200363898_1200363927_1200363938_1200363947_1200364074_1200364103_1507566554_1507566556_255882157_306484190': 2, 'gneJ143': 21, 'gneJ207': 14, 'gneJ208': 13, 'gneJ210': 15, 'gneJ255': 27, 'gneJ257': 4}, 
60830.0, {'1863241632': -6, '2330725114': -4, '243351999': -8, '243641585': -49, '243749571': -15, '30503246': -2, '30624898': -23, '32564122': 8, '89127267': -10, '89173763': -24, '89173808': -7, 'cluster_1427494838_273472399': -13, 'cluster_1757124350_1757124352': -10, 'cluster_1863241547_1863241548_1976170214': -26, 'cluster_306484187_cluster_1200363791_1200363826_1200363834_1200363898_1200363927_1200363938_1200363947_1200364074_1200364103_1507566554_1507566556_255882157_306484190': 20, 'gneJ143': -9, 'gneJ207': -6, 'gneJ208': -8, 'gneJ210': -14, 'gneJ255': -17, 'gneJ257': -4}, {'1863241632': 5, '2330725114': 3, '243351999': 14, '243641585': 22, '243749571': 18, '30503246': 1, '30624898': 17, '32564122': 8, '89127267': 23, '89173763': 15, '89173808': 5, 'cluster_1427494838_273472399': 4, 'cluster_1757124350_1757124352': 9, 'cluster_1863241547_1863241548_1976170214': 7, 'cluster_306484187_cluster_1200363791_1200363826_1200363834_1200363898_1200363927_1200363938_1200363947_1200364074_1200364103_1507566554_1507566556_255882157_306484190': 2, 'gneJ143': 5, 'gneJ207': 7, 'gneJ208': 10, 'gneJ210': 7, 'gneJ255': 6, 'gneJ257': 4}, {'1863241632': 7, '2330725114': 7, '243351999': 14, '243641585': 49, '243749571': 25, '30503246': 2, '30624898': 28, '32564122': 9, '89127267': 27, '89173763': 24, '89173808': 8, 'cluster_1427494838_273472399': 13, 'cluster_1757124350_1757124352': 21, 'cluster_1863241547_1863241548_1976170214': 26, 'cluster_306484187_cluster_1200363791_1200363826_1200363834_1200363898_1200363927_1200363938_1200363947_1200364074_1200364103_1507566554_1507566556_255882157_306484190': 2, 'gneJ143': 21, 'gneJ207': 14, 'gneJ208': 14, 'gneJ210': 15, 'gneJ255': 17, 'gneJ257': 4}, 
60840.0, {'1863241632': -6, '2330725114': -4, '243351999': -8, '243641585': -49, '243749571': -15, '30503246': -2, '30624898': -23, '32564122': 2, '89127267': -10, '89173763': -24, '89173808': -7, 'cluster_1427494838_273472399': -13, 'cluster_1757124350_1757124352': -10, 'cluster_1863241547_1863241548_1976170214': -26, 'cluster_306484187_cluster_1200363791_1200363826_1200363834_1200363898_1200363927_1200363938_1200363947_1200364074_1200364103_1507566554_1507566556_255882157_306484190': 16, 'gneJ143': -9, 'gneJ207': -6, 'gneJ208': -7, 'gneJ210': -14, 'gneJ255': -7, 'gneJ257': -4}, {'1863241632': 5, '2330725114': 3, '243351999': 14, '243641585': 22, '243749571': 18, '30503246': 1, '30624898': 17, '32564122': 5, '89127267': 23, '89173763': 15, '89173808': 5, 'cluster_1427494838_273472399': 4, 'cluster_1757124350_1757124352': 9, 'cluster_1863241547_1863241548_1976170214': 7, 'cluster_306484187_cluster_1200363791_1200363826_1200363834_1200363898_1200363927_1200363938_1200363947_1200364074_1200364103_1507566554_1507566556_255882157_306484190': 2, 'gneJ143': 5, 'gneJ207': 7, 'gneJ208': 10, 'gneJ210': 7, 'gneJ255': 4, 'gneJ257': 4}, {'1863241632': 7, '2330725114': 7, '243351999': 14, '243641585': 49, '243749571': 25, '30503246': 2, '30624898': 28, '32564122': 5, '89127267': 27, '89173763': 24, '89173808': 8, 'cluster_1427494838_273472399': 13, 'cluster_1757124350_1757124352': 21, 'cluster_1863241547_1863241548_1976170214': 26, 'cluster_306484187_cluster_1200363791_1200363826_1200363834_1200363898_1200363927_1200363938_1200363947_1200364074_1200364103_1507566554_1507566556_255882157_306484190': 2, 'gneJ143': 21, 'gneJ207': 14, 'gneJ208': 13, 'gneJ210': 15, 'gneJ255': 7, 'gneJ257': 4}, 
60850.0, {'1863241632': -6, '2330725114': -4, '243351999': -8, '243641585': -49, '243749571': -15, '30503246': -2, '30624898': -23, '32564122': 5, '89127267': -10, '89173763': -23, '89173808': -8, 'cluster_1427494838_273472399': -13, 'cluster_1757124350_1757124352': -10, 'cluster_1863241547_1863241548_1976170214': -26, 'cluster_306484187_cluster_1200363791_1200363826_1200363834_1200363898_1200363927_1200363938_1200363947_1200364074_1200364103_1507566554_1507566556_255882157_306484190': 12, 'gneJ143': -9, 'gneJ207': -5, 'gneJ208': -8, 'gneJ210': -18, 'gneJ255': -2, 'gneJ257': -4}, {'1863241632': 5, '2330725114': 3, '243351999': 14, '243641585': 22, '243749571': 18, '30503246': 1, '30624898': 17, '32564122': 1, '89127267': 23, '89173763': 15, '89173808': 5, 'cluster_1427494838_273472399': 4, 'cluster_1757124350_1757124352': 9, 'cluster_1863241547_1863241548_1976170214': 7, 'cluster_306484187_cluster_1200363791_1200363826_1200363834_1200363898_1200363927_1200363938_1200363947_1200364074_1200364103_1507566554_1507566556_255882157_306484190': 2, 'gneJ143': 5, 'gneJ207': 7, 'gneJ208': 10, 'gneJ210': 7, 'gneJ255': 4, 'gneJ257': 4}, {'1863241632': 7, '2330725114': 7, '243351999': 14, '243641585': 49, '243749571': 25, '30503246': 2, '30624898': 28, '32564122': 1, '89127267': 27, '89173763': 23, '89173808': 8, 'cluster_1427494838_273472399': 13, 'cluster_1757124350_1757124352': 21, 'cluster_1863241547_1863241548_1976170214': 26, 'cluster_306484187_cluster_1200363791_1200363826_1200363834_1200363898_1200363927_1200363938_1200363947_1200364074_1200364103_1507566554_1507566556_255882157_306484190': 2, 'gneJ143': 21, 'gneJ207': 13, 'gneJ208': 14, 'gneJ210': 20, 'gneJ255': 7, 'gneJ257': 4}, 
60860.0, {'1863241632': -6, '2330725114': -4, '243351999': -8, '243641585': -49, '243749571': -15, '30503246': -2, '30624898': -23, '32564122': 6, '89127267': -10, '89173763': -23, '89173808': -8, 'cluster_1427494838_273472399': -13, 'cluster_1757124350_1757124352': -10, 'cluster_1863241547_1863241548_1976170214': -26, 'cluster_306484187_cluster_1200363791_1200363826_1200363834_1200363898_1200363927_1200363938_1200363947_1200364074_1200364103_1507566554_1507566556_255882157_306484190': 10, 'gneJ143': -9, 'gneJ207': -5, 'gneJ208': -7, 'gneJ210': -13, 'gneJ255': -7, 'gneJ257': -4}, {'1863241632': 5, '2330725114': 3, '243351999': 14, '243641585': 22, '243749571': 18, '30503246': 1, '30624898': 17, '32564122': 0, '89127267': 23, '89173763': 15, '89173808': 5, 'cluster_1427494838_273472399': 4, 'cluster_1757124350_1757124352': 9, 'cluster_1863241547_1863241548_1976170214': 7, 'cluster_306484187_cluster_1200363791_1200363826_1200363834_1200363898_1200363927_1200363938_1200363947_1200364074_1200364103_1507566554_1507566556_255882157_306484190': 2, 'gneJ143': 5, 'gneJ207': 7, 'gneJ208': 10, 'gneJ210': 7, 'gneJ255': 4, 'gneJ257': 4}, {'1863241632': 7, '2330725114': 7, '243351999': 14, '243641585': 49, '243749571': 25, '30503246': 2, '30624898': 28, '32564122': 0, '89127267': 27, '89173763': 23, '89173808': 8, 'cluster_1427494838_273472399': 13, 'cluster_1757124350_1757124352': 21, 'cluster_1863241547_1863241548_1976170214': 26, 'cluster_306484187_cluster_1200363791_1200363826_1200363834_1200363898_1200363927_1200363938_1200363947_1200364074_1200364103_1507566554_1507566556_255882157_306484190': 3, 'gneJ143': 21, 'gneJ207': 13, 'gneJ208': 13, 'gneJ210': 15, 'gneJ255': 7, 'gneJ257': 4}, 
60870.0, {'1863241632': -6, '2330725114': -4, '243351999': -8, '243641585': -49, '243749571': -18, '30503246': -2, '30624898': -23, '32564122': 6, '89127267': -10, '89173763': -23, '89173808': -8, 'cluster_1427494838_273472399': -13, 'cluster_1757124350_1757124352': -10, 'cluster_1863241547_1863241548_1976170214': -26, 'cluster_306484187_cluster_1200363791_1200363826_1200363834_1200363898_1200363927_1200363938_1200363947_1200364074_1200364103_1507566554_1507566556_255882157_306484190': 10, 'gneJ143': -10, 'gneJ207': -4, 'gneJ208': -6, 'gneJ210': -18, 'gneJ255': -2, 'gneJ257': -4}, {'1863241632': 5, '2330725114': 3, '243351999': 14, '243641585': 22, '243749571': 18, '30503246': 1, '30624898': 17, '32564122': 0, '89127267': 23, '89173763': 15, '89173808': 5, 'cluster_1427494838_273472399': 4, 'cluster_1757124350_1757124352': 9, 'cluster_1863241547_1863241548_1976170214': 7, 'cluster_306484187_cluster_1200363791_1200363826_1200363834_1200363898_1200363927_1200363938_1200363947_1200364074_1200364103_1507566554_1507566556_255882157_306484190': 2, 'gneJ143': 5, 'gneJ207': 7, 'gneJ208': 10, 'gneJ210': 7, 'gneJ255': 4, 'gneJ257': 4}, {'1863241632': 7, '2330725114': 7, '243351999': 14, '243641585': 49, '243749571': 28, '30503246': 2, '30624898': 28, '32564122': 0, '89127267': 27, '89173763': 23, '89173808': 8, 'cluster_1427494838_273472399': 13, 'cluster_1757124350_1757124352': 21, 'cluster_1863241547_1863241548_1976170214': 26, 'cluster_306484187_cluster_1200363791_1200363826_1200363834_1200363898_1200363927_1200363938_1200363947_1200364074_1200364103_1507566554_1507566556_255882157_306484190': 3, 'gneJ143': 22, 'gneJ207': 13, 'gneJ208': 13, 'gneJ210': 20, 'gneJ255': 7, 'gneJ257': 4}, 
60880.0, {'1863241632': -6, '2330725114': -4, '243351999': -8, '243641585': -49, '243749571': -18, '30503246': -2, '30624898': -23, '32564122': 6, '89127267': -10, '89173763': -23, '89173808': -8, 'cluster_1427494838_273472399': -13, 'cluster_1757124350_1757124352': -10, 'cluster_1863241547_1863241548_1976170214': -26, 'cluster_306484187_cluster_1200363791_1200363826_1200363834_1200363898_1200363927_1200363938_1200363947_1200364074_1200364103_1507566554_1507566556_255882157_306484190': 10, 'gneJ143': -10, 'gneJ207': -4, 'gneJ208': -6, 'gneJ210': -13, 'gneJ255': -7, 'gneJ257': -4}, {'1863241632': 5, '2330725114': 3, '243351999': 14, '243641585': 22, '243749571': 18, '30503246': 1, '30624898': 17, '32564122': 0, '89127267': 23, '89173763': 15, '89173808': 5, 'cluster_1427494838_273472399': 4, 'cluster_1757124350_1757124352': 9, 'cluster_1863241547_1863241548_1976170214': 7, 'cluster_306484187_cluster_1200363791_1200363826_1200363834_1200363898_1200363927_1200363938_1200363947_1200364074_1200364103_1507566554_1507566556_255882157_306484190': 2, 'gneJ143': 5, 'gneJ207': 7, 'gneJ208': 10, 'gneJ210': 7, 'gneJ255': 4, 'gneJ257': 4}, {'1863241632': 7, '2330725114': 7, '243351999': 14, '243641585': 49, '243749571': 28, '30503246': 2, '30624898': 28, '32564122': 0, '89127267': 27, '89173763': 23, '89173808': 8, 'cluster_1427494838_273472399': 13, 'cluster_1757124350_1757124352': 21, 'cluster_1863241547_1863241548_1976170214': 26, 'cluster_306484187_cluster_1200363791_1200363826_1200363834_1200363898_1200363927_1200363938_1200363947_1200364074_1200364103_1507566554_1507566556_255882157_306484190': 3, 'gneJ143': 22, 'gneJ207': 13, 'gneJ208': 13, 'gneJ210': 15, 'gneJ255': 7, 'gneJ257': 4}, 
60890.0, {'1863241632': -6, '2330725114': -4, '243351999': -8, '243641585': -49, '243749571': -18, '30503246': -2, '30624898': -23, '32564122': 6, '89127267': -10, '89173763': -22, '89173808': -8, 'cluster_1427494838_273472399': -13, 'cluster_1757124350_1757124352': -10, 'cluster_1863241547_1863241548_1976170214': -27, 'cluster_306484187_cluster_1200363791_1200363826_1200363834_1200363898_1200363927_1200363938_1200363947_1200364074_1200364103_1507566554_1507566556_255882157_306484190': 10, 'gneJ143': -10, 'gneJ207': -4, 'gneJ208': -6, 'gneJ210': -17, 'gneJ255': -3, 'gneJ257': -4}, {'1863241632': 5, '2330725114': 3, '243351999': 14, '243641585': 22, '243749571': 18, '30503246': 1, '30624898': 17, '32564122': 0, '89127267': 23, '89173763': 15, '89173808': 5, 'cluster_1427494838_273472399': 4, 'cluster_1757124350_1757124352': 9, 'cluster_1863241547_1863241548_1976170214': 7, 'cluster_306484187_cluster_1200363791_1200363826_1200363834_1200363898_1200363927_1200363938_1200363947_1200364074_1200364103_1507566554_1507566556_255882157_306484190': 2, 'gneJ143': 5, 'gneJ207': 7, 'gneJ208': 10, 'gneJ210': 7, 'gneJ255': 4, 'gneJ257': 4}, {'1863241632': 7, '2330725114': 7, '243351999': 14, '243641585': 49, '243749571': 28, '30503246': 2, '30624898': 28, '32564122': 0, '89127267': 27, '89173763': 23, '89173808': 8, 'cluster_1427494838_273472399': 13, 'cluster_1757124350_1757124352': 21, 'cluster_1863241547_1863241548_1976170214': 27, 'cluster_306484187_cluster_1200363791_1200363826_1200363834_1200363898_1200363927_1200363938_1200363947_1200364074_1200364103_1507566554_1507566556_255882157_306484190': 3, 'gneJ143': 22, 'gneJ207': 13, 'gneJ208': 13, 'gneJ210': 19, 'gneJ255': 7, 'gneJ257': 4}, 
60900.0, {'1863241632': -6, '2330725114': -4, '243351999': -8, '243641585': -49, '243749571': -18, '30503246': -2, '30624898': -23, '32564122': 6, '89127267': -10, '89173763': -22, '89173808': -8, 'cluster_1427494838_273472399': -13, 'cluster_1757124350_1757124352': -10, 'cluster_1863241547_1863241548_1976170214': -27, 'cluster_306484187_cluster_1200363791_1200363826_1200363834_1200363898_1200363927_1200363938_1200363947_1200364074_1200364103_1507566554_1507566556_255882157_306484190': 10, 'gneJ143': -10, 'gneJ207': -4, 'gneJ208': -6, 'gneJ210': -13, 'gneJ255': -7, 'gneJ257': -4}, {'1863241632': 5, '2330725114': 3, '243351999': 14, '243641585': 22, '243749571': 18, '30503246': 1, '30624898': 17, '32564122': 0, '89127267': 23, '89173763': 15, '89173808': 5, 'cluster_1427494838_273472399': 4, 'cluster_1757124350_1757124352': 9, 'cluster_1863241547_1863241548_1976170214': 7, 'cluster_306484187_cluster_1200363791_1200363826_1200363834_1200363898_1200363927_1200363938_1200363947_1200364074_1200364103_1507566554_1507566556_255882157_306484190': 2, 'gneJ143': 5, 'gneJ207': 7, 'gneJ208': 10, 'gneJ210': 7, 'gneJ255': 4, 'gneJ257': 4}, {'1863241632': 7, '2330725114': 7, '243351999': 14, '243641585': 49, '243749571': 28, '30503246': 2, '30624898': 28, '32564122': 0, '89127267': 27, '89173763': 23, '89173808': 8, 'cluster_1427494838_273472399': 13, 'cluster_1757124350_1757124352': 21, 'cluster_1863241547_1863241548_1976170214': 27, 'cluster_306484187_cluster_1200363791_1200363826_1200363834_1200363898_1200363927_1200363938_1200363947_1200364074_1200364103_1507566554_1507566556_255882157_306484190': 3, 'gneJ143': 22, 'gneJ207': 13, 'gneJ208': 13, 'gneJ210': 15, 'gneJ255': 7, 'gneJ257': 4}, 
60910.0, {'1863241632': -6, '2330725114': -4, '243351999': -8, '243641585': -49, '243749571': -18, '30503246': -2, '30624898': -23, '32564122': 5, '89127267': -10, '89173763': -22, '89173808': -8, 'cluster_1427494838_273472399': -13, 'cluster_1757124350_1757124352': -10, 'cluster_1863241547_1863241548_1976170214': -27, 'cluster_306484187_cluster_1200363791_1200363826_1200363834_1200363898_1200363927_1200363938_1200363947_1200364074_1200364103_1507566554_1507566556_255882157_306484190': 10, 'gneJ143': -10, 'gneJ207': -4, 'gneJ208': -6, 'gneJ210': -16, 'gneJ255': -4, 'gneJ257': -3}, {'1863241632': 5, '2330725114': 3, '243351999': 14, '243641585': 22, '243749571': 18, '30503246': 1, '30624898': 17, '32564122': 1, '89127267': 23, '89173763': 15, '89173808': 5, 'cluster_1427494838_273472399': 4, 'cluster_1757124350_1757124352': 9, 'cluster_1863241547_1863241548_1976170214': 7, 'cluster_306484187_cluster_1200363791_1200363826_1200363834_1200363898_1200363927_1200363938_1200363947_1200364074_1200364103_1507566554_1507566556_255882157_306484190': 2, 'gneJ143': 5, 'gneJ207': 7, 'gneJ208': 10, 'gneJ210': 7, 'gneJ255': 4, 'gneJ257': 4}, {'1863241632': 7, '2330725114': 7, '243351999': 14, '243641585': 49, '243749571': 28, '30503246': 2, '30624898': 28, '32564122': 1, '89127267': 27, '89173763': 23, '89173808': 8, 'cluster_1427494838_273472399': 13, 'cluster_1757124350_1757124352': 21, 'cluster_1863241547_1863241548_1976170214': 27, 'cluster_306484187_cluster_1200363791_1200363826_1200363834_1200363898_1200363927_1200363938_1200363947_1200364074_1200364103_1507566554_1507566556_255882157_306484190': 3, 'gneJ143': 22, 'gneJ207': 13, 'gneJ208': 13, 'gneJ210': 18, 'gneJ255': 7, 'gneJ257': 4}, 
60920.0, {'1863241632': -5, '2330725114': -4, '243351999': -8, '243641585': -49, '243749571': -18, '30503246': -2, '30624898': -23, '32564122': 5, '89127267': -10, '89173763': -22, '89173808': -8, 'cluster_1427494838_273472399': -13, 'cluster_1757124350_1757124352': -10, 'cluster_1863241547_1863241548_1976170214': -21, 'cluster_306484187_cluster_1200363791_1200363826_1200363834_1200363898_1200363927_1200363938_1200363947_1200364074_1200364103_1507566554_1507566556_255882157_306484190': 10, 'gneJ143': -10, 'gneJ207': -4, 'gneJ208': -6, 'gneJ210': -13, 'gneJ255': -7, 'gneJ257': -3}, {'1863241632': 5, '2330725114': 3, '243351999': 14, '243641585': 22, '243749571': 18, '30503246': 1, '30624898': 17, '32564122': 1, '89127267': 23, '89173763': 15, '89173808': 5, 'cluster_1427494838_273472399': 4, 'cluster_1757124350_1757124352': 9, 'cluster_1863241547_1863241548_1976170214': 6, 'cluster_306484187_cluster_1200363791_1200363826_1200363834_1200363898_1200363927_1200363938_1200363947_1200364074_1200364103_1507566554_1507566556_255882157_306484190': 2, 'gneJ143': 5, 'gneJ207': 7, 'gneJ208': 10, 'gneJ210': 7, 'gneJ255': 4, 'gneJ257': 4}, {'1863241632': 7, '2330725114': 7, '243351999': 14, '243641585': 49, '243749571': 28, '30503246': 2, '30624898': 28, '32564122': 1, '89127267': 27, '89173763': 23, '89173808': 8, 'cluster_1427494838_273472399': 13, 'cluster_1757124350_1757124352': 21, 'cluster_1863241547_1863241548_1976170214': 21, 'cluster_306484187_cluster_1200363791_1200363826_1200363834_1200363898_1200363927_1200363938_1200363947_1200364074_1200364103_1507566554_1507566556_255882157_306484190': 3, 'gneJ143': 22, 'gneJ207': 13, 'gneJ208': 13, 'gneJ210': 15, 'gneJ255': 7, 'gneJ257': 4}, 
60930.0, {'1863241632': -6, '2330725114': -4, '243351999': -8, '243641585': -49, '243749571': -18, '30503246': -2, '30624898': -23, '32564122': 5, '89127267': -10, '89173763': -22, '89173808': -8, 'cluster_1427494838_273472399': -13, 'cluster_1757124350_1757124352': -10, 'cluster_1863241547_1863241548_1976170214': -17, 'cluster_306484187_cluster_1200363791_1200363826_1200363834_1200363898_1200363927_1200363938_1200363947_1200364074_1200364103_1507566554_1507566556_255882157_306484190': 10, 'gneJ143': -10, 'gneJ207': -4, 'gneJ208': -6, 'gneJ210': -17, 'gneJ255': -3, 'gneJ257': -3}, {'1863241632': 5, '2330725114': 3, '243351999': 14, '243641585': 22, '243749571': 18, '30503246': 1, '30624898': 17, '32564122': 1, '89127267': 23, '89173763': 15, '89173808': 5, 'cluster_1427494838_273472399': 4, 'cluster_1757124350_1757124352': 9, 'cluster_1863241547_1863241548_1976170214': 4, 'cluster_306484187_cluster_1200363791_1200363826_1200363834_1200363898_1200363927_1200363938_1200363947_1200364074_1200364103_1507566554_1507566556_255882157_306484190': 2, 'gneJ143': 5, 'gneJ207': 7, 'gneJ208': 10, 'gneJ210': 7, 'gneJ255': 4, 'gneJ257': 4}, {'1863241632': 7, '2330725114': 7, '243351999': 14, '243641585': 49, '243749571': 28, '30503246': 2, '30624898': 28, '32564122': 1, '89127267': 27, '89173763': 23, '89173808': 8, 'cluster_1427494838_273472399': 13, 'cluster_1757124350_1757124352': 21, 'cluster_1863241547_1863241548_1976170214': 17, 'cluster_306484187_cluster_1200363791_1200363826_1200363834_1200363898_1200363927_1200363938_1200363947_1200364074_1200364103_1507566554_1507566556_255882157_306484190': 3, 'gneJ143': 22, 'gneJ207': 13, 'gneJ208': 13, 'gneJ210': 19, 'gneJ255': 7, 'gneJ257': 4}, 
60940.0, {'1863241632': -6, '2330725114': -4, '243351999': -8, '243641585': -49, '243749571': -18, '30503246': -2, '30624898': -23, '32564122': 5, '89127267': -10, '89173763': -23, '89173808': -8, 'cluster_1427494838_273472399': -13, 'cluster_1757124350_1757124352': -10, 'cluster_1863241547_1863241548_1976170214': -22, 'cluster_306484187_cluster_1200363791_1200363826_1200363834_1200363898_1200363927_1200363938_1200363947_1200364074_1200364103_1507566554_1507566556_255882157_306484190': 10, 'gneJ143': -10, 'gneJ207': -4, 'gneJ208': -6, 'gneJ210': -13, 'gneJ255': -7, 'gneJ257': -3}, {'1863241632': 5, '2330725114': 3, '243351999': 14, '243641585': 22, '243749571': 18, '30503246': 1, '30624898': 17, '32564122': 1, '89127267': 23, '89173763': 15, '89173808': 5, 'cluster_1427494838_273472399': 4, 'cluster_1757124350_1757124352': 9, 'cluster_1863241547_1863241548_1976170214': 6, 'cluster_306484187_cluster_1200363791_1200363826_1200363834_1200363898_1200363927_1200363938_1200363947_1200364074_1200364103_1507566554_1507566556_255882157_306484190': 2, 'gneJ143': 5, 'gneJ207': 7, 'gneJ208': 10, 'gneJ210': 7, 'gneJ255': 4, 'gneJ257': 4}, {'1863241632': 7, '2330725114': 7, '243351999': 14, '243641585': 49, '243749571': 28, '30503246': 2, '30624898': 28, '32564122': 1, '89127267': 27, '89173763': 24, '89173808': 8, 'cluster_1427494838_273472399': 13, 'cluster_1757124350_1757124352': 21, 'cluster_1863241547_1863241548_1976170214': 22, 'cluster_306484187_cluster_1200363791_1200363826_1200363834_1200363898_1200363927_1200363938_1200363947_1200364074_1200364103_1507566554_1507566556_255882157_306484190': 3, 'gneJ143': 22, 'gneJ207': 13, 'gneJ208': 13, 'gneJ210': 15, 'gneJ255': 7, 'gneJ257': 4}, 
60950.0, {'1863241632': -6, '2330725114': -4, '243351999': -8, '243641585': -49, '243749571': -18, '30503246': -2, '30624898': -23, '32564122': 5, '89127267': -10, '89173763': -23, '89173808': -8, 'cluster_1427494838_273472399': -13, 'cluster_1757124350_1757124352': -10, 'cluster_1863241547_1863241548_1976170214': -23, 'cluster_306484187_cluster_1200363791_1200363826_1200363834_1200363898_1200363927_1200363938_1200363947_1200364074_1200364103_1507566554_1507566556_255882157_306484190': 10, 'gneJ143': -10, 'gneJ207': -4, 'gneJ208': -6, 'gneJ210': -16, 'gneJ255': -1, 'gneJ257': -3}, {'1863241632': 5, '2330725114': 3, '243351999': 14, '243641585': 22, '243749571': 18, '30503246': 1, '30624898': 17, '32564122': 1, '89127267': 23, '89173763': 15, '89173808': 5, 'cluster_1427494838_273472399': 4, 'cluster_1757124350_1757124352': 9, 'cluster_1863241547_1863241548_1976170214': 7, 'cluster_306484187_cluster_1200363791_1200363826_1200363834_1200363898_1200363927_1200363938_1200363947_1200364074_1200364103_1507566554_1507566556_255882157_306484190': 2, 'gneJ143': 5, 'gneJ207': 7, 'gneJ208': 10, 'gneJ210': 7, 'gneJ255': 2, 'gneJ257': 4}, {'1863241632': 7, '2330725114': 7, '243351999': 14, '243641585': 49, '243749571': 28, '30503246': 2, '30624898': 28, '32564122': 1, '89127267': 27, '89173763': 24, '89173808': 8, 'cluster_1427494838_273472399': 13, 'cluster_1757124350_1757124352': 21, 'cluster_1863241547_1863241548_1976170214': 23, 'cluster_306484187_cluster_1200363791_1200363826_1200363834_1200363898_1200363927_1200363938_1200363947_1200364074_1200364103_1507566554_1507566556_255882157_306484190': 3, 'gneJ143': 22, 'gneJ207': 13, 'gneJ208': 13, 'gneJ210': 18, 'gneJ255': 4, 'gneJ257': 4}, 
60960.0, {'1863241632': -5, '2330725114': -5, '243351999': -8, '243641585': -49, '243749571': -18, '30503246': -2, '30624898': -23, '32564122': 5, '89127267': -10, '89173763': -23, '89173808': -8, 'cluster_1427494838_273472399': -13, 'cluster_1757124350_1757124352': -10, 'cluster_1863241547_1863241548_1976170214': -24, 'cluster_306484187_cluster_1200363791_1200363826_1200363834_1200363898_1200363927_1200363938_1200363947_1200364074_1200364103_1507566554_1507566556_255882157_306484190': 10, 'gneJ143': -10, 'gneJ207': -4, 'gneJ208': -6, 'gneJ210': -13, 'gneJ255': -6, 'gneJ257': -3}, {'1863241632': 5, '2330725114': 3, '243351999': 14, '243641585': 22, '243749571': 18, '30503246': 1, '30624898': 17, '32564122': 1, '89127267': 23, '89173763': 15, '89173808': 5, 'cluster_1427494838_273472399': 4, 'cluster_1757124350_1757124352': 9, 'cluster_1863241547_1863241548_1976170214': 6, 'cluster_306484187_cluster_1200363791_1200363826_1200363834_1200363898_1200363927_1200363938_1200363947_1200364074_1200364103_1507566554_1507566556_255882157_306484190': 2, 'gneJ143': 5, 'gneJ207': 7, 'gneJ208': 10, 'gneJ210': 7, 'gneJ255': 4, 'gneJ257': 4}, {'1863241632': 7, '2330725114': 8, '243351999': 14, '243641585': 49, '243749571': 28, '30503246': 2, '30624898': 28, '32564122': 1, '89127267': 27, '89173763': 24, '89173808': 8, 'cluster_1427494838_273472399': 13, 'cluster_1757124350_1757124352': 21, 'cluster_1863241547_1863241548_1976170214': 24, 'cluster_306484187_cluster_1200363791_1200363826_1200363834_1200363898_1200363927_1200363938_1200363947_1200364074_1200364103_1507566554_1507566556_255882157_306484190': 3, 'gneJ143': 22, 'gneJ207': 13, 'gneJ208': 13, 'gneJ210': 15, 'gneJ255': 6, 'gneJ257': 4}, 
60970.0, {'1863241632': -5, '2330725114': -5, '243351999': -8, '243641585': -49, '243749571': -18, '30503246': -2, '30624898': -23, '32564122': 5, '89127267': -10, '89173763': -22, '89173808': -7, 'cluster_1427494838_273472399': -13, 'cluster_1757124350_1757124352': -10, 'cluster_1863241547_1863241548_1976170214': -26, 'cluster_306484187_cluster_1200363791_1200363826_1200363834_1200363898_1200363927_1200363938_1200363947_1200364074_1200364103_1507566554_1507566556_255882157_306484190': 10, 'gneJ143': -10, 'gneJ207': -5, 'gneJ208': -6, 'gneJ210': -16, 'gneJ255': 1, 'gneJ257': -3}, {'1863241632': 5, '2330725114': 3, '243351999': 14, '243641585': 22, '243749571': 18, '30503246': 1, '30624898': 17, '32564122': 1, '89127267': 23, '89173763': 15, '89173808': 5, 'cluster_1427494838_273472399': 4, 'cluster_1757124350_1757124352': 9, 'cluster_1863241547_1863241548_1976170214': 7, 'cluster_306484187_cluster_1200363791_1200363826_1200363834_1200363898_1200363927_1200363938_1200363947_1200364074_1200364103_1507566554_1507566556_255882157_306484190': 2, 'gneJ143': 5, 'gneJ207': 7, 'gneJ208': 10, 'gneJ210': 7, 'gneJ255': 1, 'gneJ257': 4}, {'1863241632': 7, '2330725114': 8, '243351999': 14, '243641585': 49, '243749571': 28, '30503246': 2, '30624898': 28, '32564122': 1, '89127267': 27, '89173763': 24, '89173808': 8, 'cluster_1427494838_273472399': 13, 'cluster_1757124350_1757124352': 21, 'cluster_1863241547_1863241548_1976170214': 26, 'cluster_306484187_cluster_1200363791_1200363826_1200363834_1200363898_1200363927_1200363938_1200363947_1200364074_1200364103_1507566554_1507566556_255882157_306484190': 3, 'gneJ143': 22, 'gneJ207': 14, 'gneJ208': 13, 'gneJ210': 18, 'gneJ255': 2, 'gneJ257': 4}, 
60980.0, {'1863241632': -5, '2330725114': -5, '243351999': -8, '243641585': -49, '243749571': -18, '30503246': -2, '30624898': -23, '32564122': 5, '89127267': -10, '89173763': -22, '89173808': -7, 'cluster_1427494838_273472399': -13, 'cluster_1757124350_1757124352': -10, 'cluster_1863241547_1863241548_1976170214': -26, 'cluster_306484187_cluster_1200363791_1200363826_1200363834_1200363898_1200363927_1200363938_1200363947_1200364074_1200364103_1507566554_1507566556_255882157_306484190': 10, 'gneJ143': -10, 'gneJ207': -5, 'gneJ208': -6, 'gneJ210': -13, 'gneJ255': -5, 'gneJ257': -3}, {'1863241632': 5, '2330725114': 3, '243351999': 14, '243641585': 22, '243749571': 18, '30503246': 1, '30624898': 17, '32564122': 1, '89127267': 23, '89173763': 15, '89173808': 5, 'cluster_1427494838_273472399': 4, 'cluster_1757124350_1757124352': 9, 'cluster_1863241547_1863241548_1976170214': 7, 'cluster_306484187_cluster_1200363791_1200363826_1200363834_1200363898_1200363927_1200363938_1200363947_1200364074_1200364103_1507566554_1507566556_255882157_306484190': 2, 'gneJ143': 5, 'gneJ207': 7, 'gneJ208': 10, 'gneJ210': 7, 'gneJ255': 3, 'gneJ257': 4}, {'1863241632': 7, '2330725114': 8, '243351999': 14, '243641585': 49, '243749571': 28, '30503246': 2, '30624898': 28, '32564122': 1, '89127267': 27, '89173763': 24, '89173808': 8, 'cluster_1427494838_273472399': 13, 'cluster_1757124350_1757124352': 21, 'cluster_1863241547_1863241548_1976170214': 26, 'cluster_306484187_cluster_1200363791_1200363826_1200363834_1200363898_1200363927_1200363938_1200363947_1200364074_1200364103_1507566554_1507566556_255882157_306484190': 3, 'gneJ143': 22, 'gneJ207': 14, 'gneJ208': 13, 'gneJ210': 15, 'gneJ255': 5, 'gneJ257': 4}, 
60990.0, {'1863241632': -5, '2330725114': -5, '243351999': -8, '243641585': -49, '243749571': -18, '30503246': -2, '30624898': -23, '32564122': 6, '89127267': -10, '89173763': -22, '89173808': -7, 'cluster_1427494838_273472399': -13, 'cluster_1757124350_1757124352': -10, 'cluster_1863241547_1863241548_1976170214': -26, 'cluster_306484187_cluster_1200363791_1200363826_1200363834_1200363898_1200363927_1200363938_1200363947_1200364074_1200364103_1507566554_1507566556_255882157_306484190': 10, 'gneJ143': -10, 'gneJ207': -5, 'gneJ208': -6, 'gneJ210': -13, 'gneJ255': -3, 'gneJ257': -3}, {'1863241632': 5, '2330725114': 3, '243351999': 14, '243641585': 22, '243749571': 18, '30503246': 1, '30624898': 17, '32564122': 1, '89127267': 23, '89173763': 15, '89173808': 5, 'cluster_1427494838_273472399': 4, 'cluster_1757124350_1757124352': 9, 'cluster_1863241547_1863241548_1976170214': 7, 'cluster_306484187_cluster_1200363791_1200363826_1200363834_1200363898_1200363927_1200363938_1200363947_1200364074_1200364103_1507566554_1507566556_255882157_306484190': 2, 'gneJ143': 5, 'gneJ207': 7, 'gneJ208': 10, 'gneJ210': 7, 'gneJ255': 1, 'gneJ257': 4}, {'1863241632': 7, '2330725114': 8, '243351999': 14, '243641585': 49, '243749571': 28, '30503246': 2, '30624898': 28, '32564122': 1, '89127267': 27, '89173763': 24, '89173808': 8, 'cluster_1427494838_273472399': 13, 'cluster_1757124350_1757124352': 21, 'cluster_1863241547_1863241548_1976170214': 26, 'cluster_306484187_cluster_1200363791_1200363826_1200363834_1200363898_1200363927_1200363938_1200363947_1200364074_1200364103_1507566554_1507566556_255882157_306484190': 3, 'gneJ143': 22, 'gneJ207': 14, 'gneJ208': 13, 'gneJ210': 15, 'gneJ255': 3, 'gneJ257': 4}, 
61000.0, {'1863241632': -5, '2330725114': -5, '243351999': -8, '243641585': -49, '243749571': -18, '30503246': -2, '30624898': -23, '32564122': 5, '89127267': -10, '89173763': -22, '89173808': -7, 'cluster_1427494838_273472399': -13, 'cluster_1757124350_1757124352': -10, 'cluster_1863241547_1863241548_1976170214': -26, 'cluster_306484187_cluster_1200363791_1200363826_1200363834_1200363898_1200363927_1200363938_1200363947_1200364074_1200364103_1507566554_1507566556_255882157_306484190': 10, 'gneJ143': -10, 'gneJ207': -5, 'gneJ208': -6, 'gneJ210': -13, 'gneJ255': -6, 'gneJ257': -3}, {'1863241632': 5, '2330725114': 3, '243351999': 14, '243641585': 22, '243749571': 18, '30503246': 1, '30624898': 17, '32564122': 1, '89127267': 23, '89173763': 15, '89173808': 5, 'cluster_1427494838_273472399': 4, 'cluster_1757124350_1757124352': 9, 'cluster_1863241547_1863241548_1976170214': 7, 'cluster_306484187_cluster_1200363791_1200363826_1200363834_1200363898_1200363927_1200363938_1200363947_1200364074_1200364103_1507566554_1507566556_255882157_306484190': 2, 'gneJ143': 5, 'gneJ207': 7, 'gneJ208': 10, 'gneJ210': 7, 'gneJ255': 4, 'gneJ257': 4}, {'1863241632': 7, '2330725114': 8, '243351999': 14, '243641585': 49, '243749571': 28, '30503246': 2, '30624898': 28, '32564122': 1, '89127267': 27, '89173763': 24, '89173808': 8, 'cluster_1427494838_273472399': 13, 'cluster_1757124350_1757124352': 21, 'cluster_1863241547_1863241548_1976170214': 26, 'cluster_306484187_cluster_1200363791_1200363826_1200363834_1200363898_1200363927_1200363938_1200363947_1200364074_1200364103_1507566554_1507566556_255882157_306484190': 3, 'gneJ143': 22, 'gneJ207': 14, 'gneJ208': 13, 'gneJ210': 15, 'gneJ255': 6, 'gneJ257': 4}, 
61010.0, {'1863241632': -5, '2330725114': -5, '243351999': -8, '243641585': -49, '243749571': -18, '30503246': -2, '30624898': -23, '32564122': 8, '89127267': -10, '89173763': -22, '89173808': -7, 'cluster_1427494838_273472399': -13, 'cluster_1757124350_1757124352': -10, 'cluster_1863241547_1863241548_1976170214': -26, 'cluster_306484187_cluster_1200363791_1200363826_1200363834_1200363898_1200363927_1200363938_1200363947_1200364074_1200364103_1507566554_1507566556_255882157_306484190': 10, 'gneJ143': -10, 'gneJ207': -5, 'gneJ208': -6, 'gneJ210': -13, 'gneJ255': -5, 'gneJ257': -3}, {'1863241632': 5, '2330725114': 3, '243351999': 14, '243641585': 22, '243749571': 18, '30503246': 1, '30624898': 17, '32564122': 1, '89127267': 23, '89173763': 15, '89173808': 5, 'cluster_1427494838_273472399': 4, 'cluster_1757124350_1757124352': 9, 'cluster_1863241547_1863241548_1976170214': 7, 'cluster_306484187_cluster_1200363791_1200363826_1200363834_1200363898_1200363927_1200363938_1200363947_1200364074_1200364103_1507566554_1507566556_255882157_306484190': 2, 'gneJ143': 5, 'gneJ207': 7, 'gneJ208': 10, 'gneJ210': 7, 'gneJ255': 3, 'gneJ257': 4}, {'1863241632': 7, '2330725114': 8, '243351999': 14, '243641585': 49, '243749571': 28, '30503246': 2, '30624898': 28, '32564122': 1, '89127267': 27, '89173763': 24, '89173808': 8, 'cluster_1427494838_273472399': 13, 'cluster_1757124350_1757124352': 21, 'cluster_1863241547_1863241548_1976170214': 26, 'cluster_306484187_cluster_1200363791_1200363826_1200363834_1200363898_1200363927_1200363938_1200363947_1200364074_1200364103_1507566554_1507566556_255882157_306484190': 3, 'gneJ143': 22, 'gneJ207': 14, 'gneJ208': 13, 'gneJ210': 15, 'gneJ255': 5, 'gneJ257': 4}, 
61020.0, {'1863241632': -5, '2330725114': -5, '243351999': -8, '243641585': -49, '243749571': -19, '30503246': -2, '30624898': -23, '32564122': 5, '89127267': -10, '89173763': -22, '89173808': -8, 'cluster_1427494838_273472399': -13, 'cluster_1757124350_1757124352': -10, 'cluster_1863241547_1863241548_1976170214': -26, 'cluster_306484187_cluster_1200363791_1200363826_1200363834_1200363898_1200363927_1200363938_1200363947_1200364074_1200364103_1507566554_1507566556_255882157_306484190': 10, 'gneJ143': -10, 'gneJ207': -4, 'gneJ208': -5, 'gneJ210': -14, 'gneJ255': -5, 'gneJ257': -3}, {'1863241632': 5, '2330725114': 3, '243351999': 14, '243641585': 22, '243749571': 18, '30503246': 1, '30624898': 17, '32564122': 1, '89127267': 23, '89173763': 15, '89173808': 5, 'cluster_1427494838_273472399': 4, 'cluster_1757124350_1757124352': 9, 'cluster_1863241547_1863241548_1976170214': 7, 'cluster_306484187_cluster_1200363791_1200363826_1200363834_1200363898_1200363927_1200363938_1200363947_1200364074_1200364103_1507566554_1507566556_255882157_306484190': 2, 'gneJ143': 5, 'gneJ207': 7, 'gneJ208': 10, 'gneJ210': 7, 'gneJ255': 4, 'gneJ257': 4}, {'1863241632': 7, '2330725114': 8, '243351999': 14, '243641585': 49, '243749571': 29, '30503246': 2, '30624898': 28, '32564122': 1, '89127267': 27, '89173763': 24, '89173808': 8, 'cluster_1427494838_273472399': 13, 'cluster_1757124350_1757124352': 21, 'cluster_1863241547_1863241548_1976170214': 26, 'cluster_306484187_cluster_1200363791_1200363826_1200363834_1200363898_1200363927_1200363938_1200363947_1200364074_1200364103_1507566554_1507566556_255882157_306484190': 3, 'gneJ143': 22, 'gneJ207': 13, 'gneJ208': 13, 'gneJ210': 16, 'gneJ255': 6, 'gneJ257': 4}, 
61030.0, {'1863241632': -5, '2330725114': -5, '243351999': -8, '243641585': -49, '243749571': -19, '30503246': -2, '30624898': -23, '32564122': 5, '89127267': -10, '89173763': -22, '89173808': -7, 'cluster_1427494838_273472399': -13, 'cluster_1757124350_1757124352': -10, 'cluster_1863241547_1863241548_1976170214': -26, 'cluster_306484187_cluster_1200363791_1200363826_1200363834_1200363898_1200363927_1200363938_1200363947_1200364074_1200364103_1507566554_1507566556_255882157_306484190': 10, 'gneJ143': -10, 'gneJ207': -5, 'gneJ208': -5, 'gneJ210': -15, 'gneJ255': -4, 'gneJ257': -3}, {'1863241632': 5, '2330725114': 3, '243351999': 14, '243641585': 22, '243749571': 18, '30503246': 1, '30624898': 17, '32564122': 1, '89127267': 23, '89173763': 15, '89173808': 5, 'cluster_1427494838_273472399': 4, 'cluster_1757124350_1757124352': 9, 'cluster_1863241547_1863241548_1976170214': 7, 'cluster_306484187_cluster_1200363791_1200363826_1200363834_1200363898_1200363927_1200363938_1200363947_1200364074_1200364103_1507566554_1507566556_255882157_306484190': 2, 'gneJ143': 5, 'gneJ207': 7, 'gneJ208': 10, 'gneJ210': 7, 'gneJ255': 4, 'gneJ257': 4}, {'1863241632': 7, '2330725114': 8, '243351999': 14, '243641585': 49, '243749571': 29, '30503246': 2, '30624898': 28, '32564122': 1, '89127267': 27, '89173763': 24, '89173808': 8, 'cluster_1427494838_273472399': 13, 'cluster_1757124350_1757124352': 21, 'cluster_1863241547_1863241548_1976170214': 26, 'cluster_306484187_cluster_1200363791_1200363826_1200363834_1200363898_1200363927_1200363938_1200363947_1200364074_1200364103_1507566554_1507566556_255882157_306484190': 3, 'gneJ143': 22, 'gneJ207': 14, 'gneJ208': 13, 'gneJ210': 15, 'gneJ255': 4, 'gneJ257': 4}, 
61040.0, {'1863241632': -5, '2330725114': -5, '243351999': -8, '243641585': -49, '243749571': -19, '30503246': -3, '30624898': -23, '32564122': 5, '89127267': -10, '89173763': -22, '89173808': -8, 'cluster_1427494838_273472399': -13, 'cluster_1757124350_1757124352': -10, 'cluster_1863241547_1863241548_1976170214': -27, 'cluster_306484187_cluster_1200363791_1200363826_1200363834_1200363898_1200363927_1200363938_1200363947_1200364074_1200364103_1507566554_1507566556_255882157_306484190': 10, 'gneJ143': -11, 'gneJ207': -3, 'gneJ208': -5, 'gneJ210': -10, 'gneJ255': -6, 'gneJ257': -2}, {'1863241632': 5, '2330725114': 3, '243351999': 14, '243641585': 22, '243749571': 18, '30503246': 1, '30624898': 17, '32564122': 1, '89127267': 23, '89173763': 15, '89173808': 5, 'cluster_1427494838_273472399': 4, 'cluster_1757124350_1757124352': 9, 'cluster_1863241547_1863241548_1976170214': 7, 'cluster_306484187_cluster_1200363791_1200363826_1200363834_1200363898_1200363927_1200363938_1200363947_1200364074_1200364103_1507566554_1507566556_255882157_306484190': 2, 'gneJ143': 5, 'gneJ207': 7, 'gneJ208': 10, 'gneJ210': 6, 'gneJ255': 4, 'gneJ257': 4}, {'1863241632': 7, '2330725114': 8, '243351999': 14, '243641585': 49, '243749571': 29, '30503246': 3, '30624898': 28, '32564122': 1, '89127267': 27, '89173763': 24, '89173808': 8, 'cluster_1427494838_273472399': 13, 'cluster_1757124350_1757124352': 21, 'cluster_1863241547_1863241548_1976170214': 27, 'cluster_306484187_cluster_1200363791_1200363826_1200363834_1200363898_1200363927_1200363938_1200363947_1200364074_1200364103_1507566554_1507566556_255882157_306484190': 3, 'gneJ143': 23, 'gneJ207': 13, 'gneJ208': 13, 'gneJ210': 12, 'gneJ255': 6, 'gneJ257': 4}, 
61050.0, {'1863241632': -5, '2330725114': -5, '243351999': -8, '243641585': -49, '243749571': -19, '30503246': -3, '30624898': -23, '32564122': 5, '89127267': -10, '89173763': -22, '89173808': -8, 'cluster_1427494838_273472399': -13, 'cluster_1757124350_1757124352': -15, 'cluster_1863241547_1863241548_1976170214': -27, 'cluster_306484187_cluster_1200363791_1200363826_1200363834_1200363898_1200363927_1200363938_1200363947_1200364074_1200364103_1507566554_1507566556_255882157_306484190': 10, 'gneJ143': 0, 'gneJ207': -9, 'gneJ208': -5, 'gneJ210': -10, 'gneJ255': -6, 'gneJ257': -2}, {'1863241632': 5, '2330725114': 3, '243351999': 14, '243641585': 22, '243749571': 18, '30503246': 1, '30624898': 17, '32564122': 1, '89127267': 23, '89173763': 15, '89173808': 5, 'cluster_1427494838_273472399': 4, 'cluster_1757124350_1757124352': 9, 'cluster_1863241547_1863241548_1976170214': 7, 'cluster_306484187_cluster_1200363791_1200363826_1200363834_1200363898_1200363927_1200363938_1200363947_1200364074_1200364103_1507566554_1507566556_255882157_306484190': 2, 'gneJ143': 5, 'gneJ207': 7, 'gneJ208': 10, 'gneJ210': 7, 'gneJ255': 4, 'gneJ257': 4}, {'1863241632': 7, '2330725114': 8, '243351999': 14, '243641585': 49, '243749571': 29, '30503246': 3, '30624898': 28, '32564122': 1, '89127267': 27, '89173763': 24, '89173808': 8, 'cluster_1427494838_273472399': 13, 'cluster_1757124350_1757124352': 21, 'cluster_1863241547_1863241548_1976170214': 27, 'cluster_306484187_cluster_1200363791_1200363826_1200363834_1200363898_1200363927_1200363938_1200363947_1200364074_1200364103_1507566554_1507566556_255882157_306484190': 3, 'gneJ143': 12, 'gneJ207': 13, 'gneJ208': 13, 'gneJ210': 12, 'gneJ255': 6, 'gneJ257': 4}, 
61060.0, {'1863241632': -4, '2330725114': -5, '243351999': -12, '243641585': -49, '243749571': -20, '30503246': -3, '30624898': -23, '32564122': 5, '89127267': -10, '89173763': -13, '89173808': -8, 'cluster_1427494838_273472399': -13, 'cluster_1757124350_1757124352': -25, 'cluster_1863241547_1863241548_1976170214': -28, 'cluster_306484187_cluster_1200363791_1200363826_1200363834_1200363898_1200363927_1200363938_1200363947_1200364074_1200364103_1507566554_1507566556_255882157_306484190': 10, 'gneJ143': 11, 'gneJ207': -10, 'gneJ208': -4, 'gneJ210': -13, 'gneJ255': -7, 'gneJ257': -2}, {'1863241632': 5, '2330725114': 3, '243351999': 14, '243641585': 22, '243749571': 18, '30503246': 1, '30624898': 17, '32564122': 1, '89127267': 23, '89173763': 12, '89173808': 5, 'cluster_1427494838_273472399': 4, 'cluster_1757124350_1757124352': 9, 'cluster_1863241547_1863241548_1976170214': 7, 'cluster_306484187_cluster_1200363791_1200363826_1200363834_1200363898_1200363927_1200363938_1200363947_1200364074_1200364103_1507566554_1507566556_255882157_306484190': 2, 'gneJ143': 5, 'gneJ207': 7, 'gneJ208': 10, 'gneJ210': 8, 'gneJ255': 4, 'gneJ257': 4}, {'1863241632': 7, '2330725114': 8, '243351999': 14, '243641585': 49, '243749571': 30, '30503246': 3, '30624898': 28, '32564122': 1, '89127267': 27, '89173763': 15, '89173808': 8, 'cluster_1427494838_273472399': 13, 'cluster_1757124350_1757124352': 26, 'cluster_1863241547_1863241548_1976170214': 28, 'cluster_306484187_cluster_1200363791_1200363826_1200363834_1200363898_1200363927_1200363938_1200363947_1200364074_1200364103_1507566554_1507566556_255882157_306484190': 3, 'gneJ143': 6, 'gneJ207': 13, 'gneJ208': 13, 'gneJ210': 16, 'gneJ255': 7, 'gneJ257': 4}, 
61070.0, {'1863241632': -4, '2330725114': -5, '243351999': -11, '243641585': -49, '243749571': -20, '30503246': -3, '30624898': -23, '32564122': 5, '89127267': -10, '89173763': -14, '89173808': -8, 'cluster_1427494838_273472399': -13, 'cluster_1757124350_1757124352': -23, 'cluster_1863241547_1863241548_1976170214': -28, 'cluster_306484187_cluster_1200363791_1200363826_1200363834_1200363898_1200363927_1200363938_1200363947_1200364074_1200364103_1507566554_1507566556_255882157_306484190': 9, 'gneJ143': 11, 'gneJ207': -10, 'gneJ208': -4, 'gneJ210': -13, 'gneJ255': -7, 'gneJ257': -2}, {'1863241632': 5, '2330725114': 3, '243351999': 14, '243641585': 22, '243749571': 18, '30503246': 1, '30624898': 17, '32564122': 1, '89127267': 23, '89173763': 12, '89173808': 5, 'cluster_1427494838_273472399': 4, 'cluster_1757124350_1757124352': 10, 'cluster_1863241547_1863241548_1976170214': 7, 'cluster_306484187_cluster_1200363791_1200363826_1200363834_1200363898_1200363927_1200363938_1200363947_1200364074_1200364103_1507566554_1507566556_255882157_306484190': 2, 'gneJ143': 4, 'gneJ207': 7, 'gneJ208': 10, 'gneJ210': 8, 'gneJ255': 4, 'gneJ257': 4}, {'1863241632': 7, '2330725114': 8, '243351999': 14, '243641585': 49, '243749571': 30, '30503246': 3, '30624898': 28, '32564122': 1, '89127267': 27, '89173763': 16, '89173808': 8, 'cluster_1427494838_273472399': 13, 'cluster_1757124350_1757124352': 28, 'cluster_1863241547_1863241548_1976170214': 28, 'cluster_306484187_cluster_1200363791_1200363826_1200363834_1200363898_1200363927_1200363938_1200363947_1200364074_1200364103_1507566554_1507566556_255882157_306484190': 4, 'gneJ143': 8, 'gneJ207': 13, 'gneJ208': 13, 'gneJ210': 16, 'gneJ255': 7, 'gneJ257': 4}, 
61080.0, {'1863241632': -4, '2330725114': -5, '243351999': -11, '243641585': -49, '243749571': -21, '30503246': -3, '30624898': -23, '32564122': 5, '89127267': -10, '89173763': -14, '89173808': -8, 'cluster_1427494838_273472399': -13, 'cluster_1757124350_1757124352': -20, 'cluster_1863241547_1863241548_1976170214': -28, 'cluster_306484187_cluster_1200363791_1200363826_1200363834_1200363898_1200363927_1200363938_1200363947_1200364074_1200364103_1507566554_1507566556_255882157_306484190': 9, 'gneJ143': 11, 'gneJ207': -10, 'gneJ208': -3, 'gneJ210': -13, 'gneJ255': -7, 'gneJ257': -2}, {'1863241632': 5, '2330725114': 3, '243351999': 14, '243641585': 22, '243749571': 18, '30503246': 1, '30624898': 17, '32564122': 1, '89127267': 23, '89173763': 12, '89173808': 5, 'cluster_1427494838_273472399': 4, 'cluster_1757124350_1757124352': 10, 'cluster_1863241547_1863241548_1976170214': 7, 'cluster_306484187_cluster_1200363791_1200363826_1200363834_1200363898_1200363927_1200363938_1200363947_1200364074_1200364103_1507566554_1507566556_255882157_306484190': 2, 'gneJ143': 4, 'gneJ207': 7, 'gneJ208': 10, 'gneJ210': 8, 'gneJ255': 4, 'gneJ257': 4}, {'1863241632': 7, '2330725114': 8, '243351999': 14, '243641585': 49, '243749571': 31, '30503246': 3, '30624898': 28, '32564122': 1, '89127267': 27, '89173763': 16, '89173808': 8, 'cluster_1427494838_273472399': 13, 'cluster_1757124350_1757124352': 28, 'cluster_1863241547_1863241548_1976170214': 28, 'cluster_306484187_cluster_1200363791_1200363826_1200363834_1200363898_1200363927_1200363938_1200363947_1200364074_1200364103_1507566554_1507566556_255882157_306484190': 4, 'gneJ143': 8, 'gneJ207': 13, 'gneJ208': 13, 'gneJ210': 16, 'gneJ255': 7, 'gneJ257': 4}, 
61090.0, {'1863241632': -4, '2330725114': -5, '243351999': -11, '243641585': -49, '243749571': -21, '30503246': -3, '30624898': -23, '32564122': 5, '89127267': -10, '89173763': -18, '89173808': -8, 'cluster_1427494838_273472399': -13, 'cluster_1757124350_1757124352': -20, 'cluster_1863241547_1863241548_1976170214': -28, 'cluster_306484187_cluster_1200363791_1200363826_1200363834_1200363898_1200363927_1200363938_1200363947_1200364074_1200364103_1507566554_1507566556_255882157_306484190': 9, 'gneJ143': 11, 'gneJ207': -11, 'gneJ208': -3, 'gneJ210': -13, 'gneJ255': -7, 'gneJ257': -2}, {'1863241632': 5, '2330725114': 3, '243351999': 14, '243641585': 22, '243749571': 18, '30503246': 1, '30624898': 17, '32564122': 1, '89127267': 23, '89173763': 15, '89173808': 5, 'cluster_1427494838_273472399': 4, 'cluster_1757124350_1757124352': 10, 'cluster_1863241547_1863241548_1976170214': 7, 'cluster_306484187_cluster_1200363791_1200363826_1200363834_1200363898_1200363927_1200363938_1200363947_1200364074_1200364103_1507566554_1507566556_255882157_306484190': 2, 'gneJ143': 4, 'gneJ207': 7, 'gneJ208': 10, 'gneJ210': 8, 'gneJ255': 4, 'gneJ257': 4}, {'1863241632': 7, '2330725114': 8, '243351999': 14, '243641585': 49, '243749571': 31, '30503246': 3, '30624898': 28, '32564122': 1, '89127267': 27, '89173763': 20, '89173808': 8, 'cluster_1427494838_273472399': 13, 'cluster_1757124350_1757124352': 28, 'cluster_1863241547_1863241548_1976170214': 28, 'cluster_306484187_cluster_1200363791_1200363826_1200363834_1200363898_1200363927_1200363938_1200363947_1200364074_1200364103_1507566554_1507566556_255882157_306484190': 4, 'gneJ143': 8, 'gneJ207': 14, 'gneJ208': 13, 'gneJ210': 16, 'gneJ255': 7, 'gneJ257': 4}, 
61100.0, {'1863241632': -4, '2330725114': -5, '243351999': -11, '243641585': -49, '243749571': -21, '30503246': -3, '30624898': -23, '32564122': 5, '89127267': -10, '89173763': -19, '89173808': -8, 'cluster_1427494838_273472399': -13, 'cluster_1757124350_1757124352': -19, 'cluster_1863241547_1863241548_1976170214': -28, 'cluster_306484187_cluster_1200363791_1200363826_1200363834_1200363898_1200363927_1200363938_1200363947_1200364074_1200364103_1507566554_1507566556_255882157_306484190': 9, 'gneJ143': 10, 'gneJ207': -17, 'gneJ208': -3, 'gneJ210': -13, 'gneJ255': -7, 'gneJ257': -2}, {'1863241632': 5, '2330725114': 3, '243351999': 14, '243641585': 22, '243749571': 18, '30503246': 1, '30624898': 17, '32564122': 1, '89127267': 23, '89173763': 15, '89173808': 5, 'cluster_1427494838_273472399': 4, 'cluster_1757124350_1757124352': 10, 'cluster_1863241547_1863241548_1976170214': 7, 'cluster_306484187_cluster_1200363791_1200363826_1200363834_1200363898_1200363927_1200363938_1200363947_1200364074_1200364103_1507566554_1507566556_255882157_306484190': 2, 'gneJ143': 4, 'gneJ207': 7, 'gneJ208': 10, 'gneJ210': 8, 'gneJ255': 4, 'gneJ257': 4}, {'1863241632': 7, '2330725114': 8, '243351999': 14, '243641585': 49, '243749571': 31, '30503246': 3, '30624898': 28, '32564122': 1, '89127267': 27, '89173763': 21, '89173808': 8, 'cluster_1427494838_273472399': 13, 'cluster_1757124350_1757124352': 28, 'cluster_1863241547_1863241548_1976170214': 28, 'cluster_306484187_cluster_1200363791_1200363826_1200363834_1200363898_1200363927_1200363938_1200363947_1200364074_1200364103_1507566554_1507566556_255882157_306484190': 4, 'gneJ143': 9, 'gneJ207': 20, 'gneJ208': 13, 'gneJ210': 16, 'gneJ255': 7, 'gneJ257': 4}, 
61110.0, {'1863241632': -5, '2330725114': -5, '243351999': -11, '243641585': -49, '243749571': -21, '30503246': -3, '30624898': -23, '32564122': 5, '89127267': -10, '89173763': -19, '89173808': -8, 'cluster_1427494838_273472399': -13, 'cluster_1757124350_1757124352': -20, 'cluster_1863241547_1863241548_1976170214': -25, 'cluster_306484187_cluster_1200363791_1200363826_1200363834_1200363898_1200363927_1200363938_1200363947_1200364074_1200364103_1507566554_1507566556_255882157_306484190': 9, 'gneJ143': 11, 'gneJ207': -22, 'gneJ208': -3, 'gneJ210': -13, 'gneJ255': -7, 'gneJ257': -2}, {'1863241632': 5, '2330725114': 3, '243351999': 14, '243641585': 22, '243749571': 18, '30503246': 1, '30624898': 17, '32564122': 1, '89127267': 23, '89173763': 15, '89173808': 5, 'cluster_1427494838_273472399': 4, 'cluster_1757124350_1757124352': 11, 'cluster_1863241547_1863241548_1976170214': 7, 'cluster_306484187_cluster_1200363791_1200363826_1200363834_1200363898_1200363927_1200363938_1200363947_1200364074_1200364103_1507566554_1507566556_255882157_306484190': 2, 'gneJ143': 4, 'gneJ207': 12, 'gneJ208': 10, 'gneJ210': 8, 'gneJ255': 4, 'gneJ257': 4}, {'1863241632': 7, '2330725114': 8, '243351999': 14, '243641585': 49, '243749571': 31, '30503246': 3, '30624898': 28, '32564122': 1, '89127267': 27, '89173763': 19, '89173808': 8, 'cluster_1427494838_273472399': 13, 'cluster_1757124350_1757124352': 29, 'cluster_1863241547_1863241548_1976170214': 25, 'cluster_306484187_cluster_1200363791_1200363826_1200363834_1200363898_1200363927_1200363938_1200363947_1200364074_1200364103_1507566554_1507566556_255882157_306484190': 4, 'gneJ143': 9, 'gneJ207': 25, 'gneJ208': 13, 'gneJ210': 16, 'gneJ255': 7, 'gneJ257': 4}, 
61120.0, {'1863241632': -4, '2330725114': -5, '243351999': -11, '243641585': -49, '243749571': -21, '30503246': -3, '30624898': -23, '32564122': 5, '89127267': -10, '89173763': -17, '89173808': -8, 'cluster_1427494838_273472399': -13, 'cluster_1757124350_1757124352': -21, 'cluster_1863241547_1863241548_1976170214': -28, 'cluster_306484187_cluster_1200363791_1200363826_1200363834_1200363898_1200363927_1200363938_1200363947_1200364074_1200364103_1507566554_1507566556_255882157_306484190': 5, 'gneJ143': 12, 'gneJ207': -21, 'gneJ208': -4, 'gneJ210': -13, 'gneJ255': -7, 'gneJ257': -2}, {'1863241632': 5, '2330725114': 3, '243351999': 14, '243641585': 22, '243749571': 18, '30503246': 1, '30624898': 17, '32564122': 1, '89127267': 23, '89173763': 15, '89173808': 5, 'cluster_1427494838_273472399': 4, 'cluster_1757124350_1757124352': 12, 'cluster_1863241547_1863241548_1976170214': 7, 'cluster_306484187_cluster_1200363791_1200363826_1200363834_1200363898_1200363927_1200363938_1200363947_1200364074_1200364103_1507566554_1507566556_255882157_306484190': 2, 'gneJ143': 4, 'gneJ207': 15, 'gneJ208': 10, 'gneJ210': 8, 'gneJ255': 4, 'gneJ257': 4}, {'1863241632': 7, '2330725114': 8, '243351999': 14, '243641585': 49, '243749571': 31, '30503246': 3, '30624898': 28, '32564122': 1, '89127267': 27, '89173763': 19, '89173808': 8, 'cluster_1427494838_273472399': 13, 'cluster_1757124350_1757124352': 30, 'cluster_1863241547_1863241548_1976170214': 28, 'cluster_306484187_cluster_1200363791_1200363826_1200363834_1200363898_1200363927_1200363938_1200363947_1200364074_1200364103_1507566554_1507566556_255882157_306484190': 4, 'gneJ143': 9, 'gneJ207': 24, 'gneJ208': 14, 'gneJ210': 16, 'gneJ255': 7, 'gneJ257': 4}, 
61130.0, {'1863241632': -4, '2330725114': -5, '243351999': -11, '243641585': -49, '243749571': -21, '30503246': -3, '30624898': -23, '32564122': 6, '89127267': -10, '89173763': -16, '89173808': -8, 'cluster_1427494838_273472399': -13, 'cluster_1757124350_1757124352': -21, 'cluster_1863241547_1863241548_1976170214': -29, 'cluster_306484187_cluster_1200363791_1200363826_1200363834_1200363898_1200363927_1200363938_1200363947_1200364074_1200364103_1507566554_1507566556_255882157_306484190': -1, 'gneJ143': 13, 'gneJ207': -18, 'gneJ208': -3, 'gneJ210': -15, 'gneJ255': -3, 'gneJ257': -2}, {'1863241632': 5, '2330725114': 3, '243351999': 14, '243641585': 22, '243749571': 18, '30503246': 1, '30624898': 17, '32564122': 1, '89127267': 23, '89173763': 15, '89173808': 5, 'cluster_1427494838_273472399': 4, 'cluster_1757124350_1757124352': 12, 'cluster_1863241547_1863241548_1976170214': 7, 'cluster_306484187_cluster_1200363791_1200363826_1200363834_1200363898_1200363927_1200363938_1200363947_1200364074_1200364103_1507566554_1507566556_255882157_306484190': 2, 'gneJ143': 4, 'gneJ207': 17, 'gneJ208': 10, 'gneJ210': 8, 'gneJ255': 1, 'gneJ257': 4}, {'1863241632': 7, '2330725114': 8, '243351999': 14, '243641585': 49, '243749571': 31, '30503246': 3, '30624898': 28, '32564122': 1, '89127267': 27, '89173763': 18, '89173808': 8, 'cluster_1427494838_273472399': 13, 'cluster_1757124350_1757124352': 30, 'cluster_1863241547_1863241548_1976170214': 29, 'cluster_306484187_cluster_1200363791_1200363826_1200363834_1200363898_1200363927_1200363938_1200363947_1200364074_1200364103_1507566554_1507566556_255882157_306484190': 4, 'gneJ143': 9, 'gneJ207': 21, 'gneJ208': 13, 'gneJ210': 17, 'gneJ255': 4, 'gneJ257': 4}, 
61140.0, {'1863241632': -4, '2330725114': -5, '243351999': -11, '243641585': -49, '243749571': -21, '30503246': -3, '30624898': -23, '32564122': 3, '89127267': -10, '89173763': -16, '89173808': -8, 'cluster_1427494838_273472399': -13, 'cluster_1757124350_1757124352': -22, 'cluster_1863241547_1863241548_1976170214': -29, 'cluster_306484187_cluster_1200363791_1200363826_1200363834_1200363898_1200363927_1200363938_1200363947_1200364074_1200364103_1507566554_1507566556_255882157_306484190': 0, 'gneJ143': 11, 'gneJ207': -12, 'gneJ208': -3, 'gneJ210': -15, 'gneJ255': -5, 'gneJ257': -2}, {'1863241632': 5, '2330725114': 3, '243351999': 14, '243641585': 22, '243749571': 18, '30503246': 1, '30624898': 17, '32564122': 1, '89127267': 23, '89173763': 15, '89173808': 5, 'cluster_1427494838_273472399': 4, 'cluster_1757124350_1757124352': 12, 'cluster_1863241547_1863241548_1976170214': 7, 'cluster_306484187_cluster_1200363791_1200363826_1200363834_1200363898_1200363927_1200363938_1200363947_1200364074_1200364103_1507566554_1507566556_255882157_306484190': 0, 'gneJ143': 4, 'gneJ207': 17, 'gneJ208': 10, 'gneJ210': 8, 'gneJ255': 4, 'gneJ257': 4}, {'1863241632': 7, '2330725114': 8, '243351999': 14, '243641585': 49, '243749571': 31, '30503246': 3, '30624898': 28, '32564122': 1, '89127267': 27, '89173763': 18, '89173808': 8, 'cluster_1427494838_273472399': 13, 'cluster_1757124350_1757124352': 31, 'cluster_1863241547_1863241548_1976170214': 29, 'cluster_306484187_cluster_1200363791_1200363826_1200363834_1200363898_1200363927_1200363938_1200363947_1200364074_1200364103_1507566554_1507566556_255882157_306484190': 0, 'gneJ143': 14, 'gneJ207': 20, 'gneJ208': 13, 'gneJ210': 17, 'gneJ255': 6, 'gneJ257': 4}, 
61150.0, {'1863241632': -4, '2330725114': -5, '243351999': -11, '243641585': -49, '243749571': -22, '30503246': -3, '30624898': -23, '32564122': 5, '89127267': -10, '89173763': -16, '89173808': -8, 'cluster_1427494838_273472399': -13, 'cluster_1757124350_1757124352': -22, 'cluster_1863241547_1863241548_1976170214': -29, 'cluster_306484187_cluster_1200363791_1200363826_1200363834_1200363898_1200363927_1200363938_1200363947_1200364074_1200364103_1507566554_1507566556_255882157_306484190': -2, 'gneJ143': 7, 'gneJ207': -8, 'gneJ208': -2, 'gneJ210': -17, 'gneJ255': -3, 'gneJ257': -2}, {'1863241632': 5, '2330725114': 3, '243351999': 14, '243641585': 22, '243749571': 18, '30503246': 1, '30624898': 17, '32564122': 1, '89127267': 23, '89173763': 15, '89173808': 5, 'cluster_1427494838_273472399': 4, 'cluster_1757124350_1757124352': 12, 'cluster_1863241547_1863241548_1976170214': 7, 'cluster_306484187_cluster_1200363791_1200363826_1200363834_1200363898_1200363927_1200363938_1200363947_1200364074_1200364103_1507566554_1507566556_255882157_306484190': 2, 'gneJ143': 6, 'gneJ207': 17, 'gneJ208': 10, 'gneJ210': 8, 'gneJ255': 4, 'gneJ257': 4}, {'1863241632': 7, '2330725114': 8, '243351999': 14, '243641585': 49, '243749571': 32, '30503246': 3, '30624898': 28, '32564122': 1, '89127267': 27, '89173763': 18, '89173808': 8, 'cluster_1427494838_273472399': 13, 'cluster_1757124350_1757124352': 31, 'cluster_1863241547_1863241548_1976170214': 29, 'cluster_306484187_cluster_1200363791_1200363826_1200363834_1200363898_1200363927_1200363938_1200363947_1200364074_1200364103_1507566554_1507566556_255882157_306484190': 2, 'gneJ143': 21, 'gneJ207': 23, 'gneJ208': 13, 'gneJ210': 19, 'gneJ255': 6, 'gneJ257': 4}, 
61160.0, {'1863241632': -5, '2330725114': -5, '243351999': -11, '243641585': -49, '243749571': -22, '30503246': -3, '30624898': -23, '32564122': 5, '89127267': -10, '89173763': -18, '89173808': -8, 'cluster_1427494838_273472399': -13, 'cluster_1757124350_1757124352': -22, 'cluster_1863241547_1863241548_1976170214': -26, 'cluster_306484187_cluster_1200363791_1200363826_1200363834_1200363898_1200363927_1200363938_1200363947_1200364074_1200364103_1507566554_1507566556_255882157_306484190': -2, 'gneJ143': 6, 'gneJ207': -7, 'gneJ208': -4, 'gneJ210': -20, 'gneJ255': 0, 'gneJ257': -2}, {'1863241632': 5, '2330725114': 3, '243351999': 14, '243641585': 22, '243749571': 18, '30503246': 1, '30624898': 17, '32564122': 1, '89127267': 23, '89173763': 15, '89173808': 5, 'cluster_1427494838_273472399': 4, 'cluster_1757124350_1757124352': 12, 'cluster_1863241547_1863241548_1976170214': 7, 'cluster_306484187_cluster_1200363791_1200363826_1200363834_1200363898_1200363927_1200363938_1200363947_1200364074_1200364103_1507566554_1507566556_255882157_306484190': 2, 'gneJ143': 8, 'gneJ207': 17, 'gneJ208': 10, 'gneJ210': 8, 'gneJ255': 4, 'gneJ257': 4}, {'1863241632': 7, '2330725114': 8, '243351999': 14, '243641585': 49, '243749571': 32, '30503246': 3, '30624898': 28, '32564122': 1, '89127267': 27, '89173763': 18, '89173808': 8, 'cluster_1427494838_273472399': 13, 'cluster_1757124350_1757124352': 31, 'cluster_1863241547_1863241548_1976170214': 26, 'cluster_306484187_cluster_1200363791_1200363826_1200363834_1200363898_1200363927_1200363938_1200363947_1200364074_1200364103_1507566554_1507566556_255882157_306484190': 2, 'gneJ143': 27, 'gneJ207': 28, 'gneJ208': 15, 'gneJ210': 22, 'gneJ255': 6, 'gneJ257': 4}, 
61170.0, {'1863241632': -4, '2330725114': -5, '243351999': -11, '243641585': -49, '243749571': -22, '30503246': -3, '30624898': -23, '32564122': 5, '89127267': -10, '89173763': -18, '89173808': -8, 'cluster_1427494838_273472399': -13, 'cluster_1757124350_1757124352': -26, 'cluster_1863241547_1863241548_1976170214': -27, 'cluster_306484187_cluster_1200363791_1200363826_1200363834_1200363898_1200363927_1200363938_1200363947_1200364074_1200364103_1507566554_1507566556_255882157_306484190': 1, 'gneJ143': 14, 'gneJ207': -16, 'gneJ208': -2, 'gneJ210': -20, 'gneJ255': 0, 'gneJ257': -2}, {'1863241632': 5, '2330725114': 3, '243351999': 14, '243641585': 22, '243749571': 18, '30503246': 1, '30624898': 17, '32564122': 1, '89127267': 23, '89173763': 15, '89173808': 5, 'cluster_1427494838_273472399': 4, 'cluster_1757124350_1757124352': 12, 'cluster_1863241547_1863241548_1976170214': 7, 'cluster_306484187_cluster_1200363791_1200363826_1200363834_1200363898_1200363927_1200363938_1200363947_1200364074_1200364103_1507566554_1507566556_255882157_306484190': 2, 'gneJ143': 7, 'gneJ207': 17, 'gneJ208': 10, 'gneJ210': 8, 'gneJ255': 4, 'gneJ257': 4}, {'1863241632': 7, '2330725114': 8, '243351999': 14, '243641585': 49, '243749571': 32, '30503246': 3, '30624898': 28, '32564122': 1, '89127267': 27, '89173763': 18, '89173808': 8, 'cluster_1427494838_273472399': 13, 'cluster_1757124350_1757124352': 31, 'cluster_1863241547_1863241548_1976170214': 27, 'cluster_306484187_cluster_1200363791_1200363826_1200363834_1200363898_1200363927_1200363938_1200363947_1200364074_1200364103_1507566554_1507566556_255882157_306484190': 2, 'gneJ143': 21, 'gneJ207': 33, 'gneJ208': 13, 'gneJ210': 22, 'gneJ255': 6, 'gneJ257': 4}, 
61180.0, {'1863241632': -4, '2330725114': -5, '243351999': -11, '243641585': -49, '243749571': -23, '30503246': -3, '30624898': -23, '32564122': 5, '89127267': -10, '89173763': -18, '89173808': -8, 'cluster_1427494838_273472399': -13, 'cluster_1757124350_1757124352': -33, 'cluster_1863241547_1863241548_1976170214': -27, 'cluster_306484187_cluster_1200363791_1200363826_1200363834_1200363898_1200363927_1200363938_1200363947_1200364074_1200364103_1507566554_1507566556_255882157_306484190': 5, 'gneJ143': 17, 'gneJ207': -21, 'gneJ208': -1, 'gneJ210': -20, 'gneJ255': 0, 'gneJ257': -2}, {'1863241632': 5, '2330725114': 3, '243351999': 14, '243641585': 22, '243749571': 18, '30503246': 1, '30624898': 17, '32564122': 1, '89127267': 23, '89173763': 15, '89173808': 5, 'cluster_1427494838_273472399': 4, 'cluster_1757124350_1757124352': 14, 'cluster_1863241547_1863241548_1976170214': 7, 'cluster_306484187_cluster_1200363791_1200363826_1200363834_1200363898_1200363927_1200363938_1200363947_1200364074_1200364103_1507566554_1507566556_255882157_306484190': 2, 'gneJ143': 6, 'gneJ207': 20, 'gneJ208': 10, 'gneJ210': 8, 'gneJ255': 4, 'gneJ257': 4}, {'1863241632': 7, '2330725114': 8, '243351999': 14, '243641585': 49, '243749571': 33, '30503246': 3, '30624898': 28, '32564122': 1, '89127267': 27, '89173763': 18, '89173808': 8, 'cluster_1427494838_273472399': 13, 'cluster_1757124350_1757124352': 37, 'cluster_1863241547_1863241548_1976170214': 27, 'cluster_306484187_cluster_1200363791_1200363826_1200363834_1200363898_1200363927_1200363938_1200363947_1200364074_1200364103_1507566554_1507566556_255882157_306484190': 2, 'gneJ143': 24, 'gneJ207': 40, 'gneJ208': 13, 'gneJ210': 22, 'gneJ255': 6, 'gneJ257': 4}, 
61190.0, {'1863241632': -4, '2330725114': -5, '243351999': -11, '243641585': -49, '243749571': -25, '30503246': -3, '30624898': -23, '32564122': 3, '89127267': -10, '89173763': -17, '89173808': -8, 'cluster_1427494838_273472399': -13, 'cluster_1757124350_1757124352': -33, 'cluster_1863241547_1863241548_1976170214': -28, 'cluster_306484187_cluster_1200363791_1200363826_1200363834_1200363898_1200363927_1200363938_1200363947_1200364074_1200364103_1507566554_1507566556_255882157_306484190': 8, 'gneJ143': 16, 'gneJ207': -21, 'gneJ208': 0, 'gneJ210': -20, 'gneJ255': 0, 'gneJ257': -2}, {'1863241632': 5, '2330725114': 3, '243351999': 14, '243641585': 22, '243749571': 18, '30503246': 1, '30624898': 17, '32564122': 1, '89127267': 23, '89173763': 15, '89173808': 5, 'cluster_1427494838_273472399': 4, 'cluster_1757124350_1757124352': 14, 'cluster_1863241547_1863241548_1976170214': 7, 'cluster_306484187_cluster_1200363791_1200363826_1200363834_1200363898_1200363927_1200363938_1200363947_1200364074_1200364103_1507566554_1507566556_255882157_306484190': 0, 'gneJ143': 6, 'gneJ207': 20, 'gneJ208': 10, 'gneJ210': 8, 'gneJ255': 4, 'gneJ257': 4}, {'1863241632': 7, '2330725114': 8, '243351999': 14, '243641585': 49, '243749571': 35, '30503246': 3, '30624898': 28, '32564122': 1, '89127267': 27, '89173763': 18, '89173808': 8, 'cluster_1427494838_273472399': 13, 'cluster_1757124350_1757124352': 37, 'cluster_1863241547_1863241548_1976170214': 28, 'cluster_306484187_cluster_1200363791_1200363826_1200363834_1200363898_1200363927_1200363938_1200363947_1200364074_1200364103_1507566554_1507566556_255882157_306484190': 0, 'gneJ143': 26, 'gneJ207': 42, 'gneJ208': 14, 'gneJ210': 22, 'gneJ255': 6, 'gneJ257': 4}, 
61200.0, {'1863241632': -3, '2330725114': -6, '243351999': -11, '243641585': -49, '243749571': -25, '30503246': -3, '30624898': -23, '32564122': 4, '89127267': -10, '89173763': -17, '89173808': -8, 'cluster_1427494838_273472399': -13, 'cluster_1757124350_1757124352': -33, 'cluster_1863241547_1863241548_1976170214': -28, 'cluster_306484187_cluster_1200363791_1200363826_1200363834_1200363898_1200363927_1200363938_1200363947_1200364074_1200364103_1507566554_1507566556_255882157_306484190': 7, 'gneJ143': 16, 'gneJ207': -21, 'gneJ208': -1, 'gneJ210': -20, 'gneJ255': 0, 'gneJ257': -2}, {'1863241632': 5, '2330725114': 3, '243351999': 14, '243641585': 22, '243749571': 18, '30503246': 1, '30624898': 17, '32564122': 1, '89127267': 23, '89173763': 15, '89173808': 5, 'cluster_1427494838_273472399': 4, 'cluster_1757124350_1757124352': 14, 'cluster_1863241547_1863241548_1976170214': 7, 'cluster_306484187_cluster_1200363791_1200363826_1200363834_1200363898_1200363927_1200363938_1200363947_1200364074_1200364103_1507566554_1507566556_255882157_306484190': 1, 'gneJ143': 6, 'gneJ207': 20, 'gneJ208': 10, 'gneJ210': 8, 'gneJ255': 4, 'gneJ257': 4}, {'1863241632': 7, '2330725114': 9, '243351999': 14, '243641585': 49, '243749571': 35, '30503246': 3, '30624898': 28, '32564122': 1, '89127267': 27, '89173763': 18, '89173808': 8, 'cluster_1427494838_273472399': 13, 'cluster_1757124350_1757124352': 37, 'cluster_1863241547_1863241548_1976170214': 28, 'cluster_306484187_cluster_1200363791_1200363826_1200363834_1200363898_1200363927_1200363938_1200363947_1200364074_1200364103_1507566554_1507566556_255882157_306484190': 1, 'gneJ143': 26, 'gneJ207': 42, 'gneJ208': 15, 'gneJ210': 22, 'gneJ255': 6, 'gneJ257': 4}, 
